# EVENT,XZ_DELTA,Y_DELTA,PITCH_DELTA,YAW_DELTA,SPEED_LEVEL,ON_GROUND,ANGLE_DOT,DISTANCE,PING,TPS,TIMESTAMP,offset
move,-0.42304829439521896,0.376375000000003,4.3500023,17.999268,0,false,,,,,1464575381656,???
serverInfo,,,,,,,,,110,19.99600079984003,1464575381656,0
move,-0.38503549169535844,0.29044750565290656,0.15000153,2.3989258,0,false,,,,,1464575381706,50
serverInfo,,,,,,,,,111,19.99600079984003,1464575381706,0
animation,,,,,,,,,,,1464575381725,19
move,-0.31436997023836,0.20623855955381032,-0.15000153,8.699707,0,false,,,,,1464575381756,31
serverInfo,,,,,,,,,111,19.99600079984003,1464575381756,0
move,-0.25739356915867617,0.12371379077055167,1.3500099,31.800293,0,false,,,,,1464575381806,50
serverInfo,,,,,,,,,111,19.99600079984003,1464575381806,0
move,-0.22107065659335134,0.04283951578891276,-0.45000458,30.300049,0,false,,,,,1464575381856,50
serverInfo,,,,,,,,,111,19.99600079984003,1464575381856,0
animation,,,,,,,,,,,1464575381875,19
move,-0.16953778561203592,-0.03641727523564953,-0.90000916,13.200195,0,false,,,,,1464575381906,31
serverInfo,,,,,,,,,111,19.99600079984003,1464575381906,0
move,-0.11951671906724926,-0.11408893195141445,-3.6000042,-11.249756,0,false,,,,,1464575381956,50
serverInfo,,,,,,,,,111,19.99600079984003,1464575381956,0
animation,,,,,,,,,,,1464575381983,27
move,-0.07905743112943853,-0.190207157014342,-3.449995,-17.09961,0,false,,,,,1464575382006,23
serverInfo,,,,,,,,,111,19.99600079984003,1464575382006,0
move,-0.06913186814709604,-0.26480301902784475,-8.999998,-49.49951,0,false,,,,,1464575382056,50
serverInfo,,,,,,,,,111,19.99600079984003,1464575382056,0
move,-0.042490276001728944,-0.33790696522388686,-1.6499977,-22.199463,0,false,,,,,1464575382056,0
serverInfo,,,,,,,,,111,19.99600079984003,1464575382056,0
animation,,,,,,,,,,,1464575382122,66
move,-0.0021268994284824316,-0.409548833890355,-2.8499975,11.400391,0,false,,,,,1464575382156,34
serverInfo,,,,,,,,,111,19.99600079984003,1464575382156,0
move,0.03483121446031845,-0.16735306575438358,-2.3999958,5.699463,0,false,,,,,1464575382206,50
serverInfo,,,,,,,,,111,19.99600079984003,1464575382206,0
animation,,,,,,,,,,,1464575382224,18
attack,,,,,,,,,,,1464575382224,0
attackInfo,,,,,,,0.6352431922837628,3.011607775306934,,,1464575382224,0
serverInfo,,,,,,,,,111,19.924287706714484,1464575382224,0
move,0.18189063493370838,0.0,-4.0499973,28.349854,0,true,,,,,1464575382256,32
serverInfo,,,,,,,,,111,19.99600079984003,1464575382256,0
move,0.4069674859046941,0.0,-1.6499996,24.749756,0,true,,,,,1464575382256,0
serverInfo,,,,,,,,,111,19.99600079984003,1464575382256,0
move,0.3514417535751697,0.0,-1.8000011,-7.0498047,0,true,,,,,1464575382356,100
serverInfo,,,,,,,,,111,19.99600079984003,1464575382356,0
animation,,,,,,,,,,,1464575382362,6
move,0.3238414575589559,0.0,-0.9000006,-1.1999512,0,true,,,,,1464575382406,44
serverInfo,,,,,,,,,111,19.99600079984003,1464575382406,0
move,0.31401778954305826,0.0,-1.2000005,-2.39917,0,true,,,,,1464575382456,50
serverInfo,,,,,,,,,111,19.99600079984003,1464575382456,0
animation,,,,,,,,,,,1464575382472,16
move,0.31364817918159105,0.0,-0.90000033,-2.3999023,0,true,,,,,1464575382506,34
serverInfo,,,,,,,,,111,19.99600079984003,1464575382506,0
move,0.3106700844047232,0.0,-0.44999993,1.3493652,0,true,,,,,1464575382556,50
serverInfo,,,,,,,,,111,19.99600079984003,1464575382556,0
move,0.2924105336916796,0.0,0.29999995,4.4992676,0,true,,,,,1464575382606,50
serverInfo,,,,,,,,,111,19.99600079984003,1464575382606,0
animation,,,,,,,,,,,1464575382630,24
move,0.3347132309566909,0.0,0.30000007,13.5,0,true,,,,,1464575382656,26
serverInfo,,,,,,,,,111,19.99600079984003,1464575382656,0
move,0.354928707452995,0.0,0.3000002,3.449707,0,true,,,,,1464575382706,50
serverInfo,,,,,,,,,111,19.99600079984003,1464575382706,0
move,0.3655437731464417,0.0,0.3000002,0.44970703,0,true,,,,,1464575382756,50
serverInfo,,,,,,,,,111,19.99600079984003,1464575382756,0
move,0.36582405035636967,0.0,0.6000004,5.0996094,0,true,,,,,1464575382756,0
serverInfo,,,,,,,,,111,19.99600079984003,1464575382756,0
move,0.36292128197827367,0.0,0.3000002,2.399414,0,true,,,,,1464575382806,50
serverInfo,,,,,,,,,111,19.99600079984003,1464575382806,0
animation,,,,,,,,,,,1464575382870,64
move,0.31400922432564116,0.0,4.0500016,24.899902,0,true,,,,,1464575382906,36
serverInfo,,,,,,,,,111,19.99600079984003,1464575382906,0
move,0.2523169876428284,0.0,2.849999,13.3498535,0,true,,,,,1464575382956,50
serverInfo,,,,,,,,,111,19.99600079984003,1464575382956,0
animation,,,,,,,,,,,1464575382979,23
move,0.22365520183685916,0.0,-0.14999962,-1.8000488,0,true,,,,,1464575383006,27
serverInfo,,,,,,,,,111,19.99600079984003,1464575383006,0
move,0.2361609915780143,0.0,-1.0499992,-10.800293,0,true,,,,,1464575383006,0
serverInfo,,,,,,,,,111,19.99600079984003,1464575383006,0
animation,,,,,,,,,,,1464575383073,67
move,0.2508196923567496,0.0,0.29999924,-3.2998047,0,true,,,,,1464575383106,33
serverInfo,,,,,,,,,111,19.99600079984003,1464575383106,0
move,0.3205729679999756,0.0,0.0,-5.249756,0,true,,,,,1464575383156,50
serverInfo,,,,,,,,,111,19.99600079984003,1464575383156,0
move,0.35685173354870514,0.0,1.6499968,-5.6992188,0,true,,,,,1464575383206,50
serverInfo,,,,,,,,,111,19.99600079984003,1464575383206,0
move,0.3769370736349842,0.0,1.1999979,0.5996094,0,true,,,,,1464575383256,50
serverInfo,,,,,,,,,111,19.99600079984003,1464575383256,0
animation,,,,,,,,,,,1464575383264,8
move,0.3880323123204725,0.0,1.7999954,0.2998047,0,true,,,,,1464575383306,42
serverInfo,,,,,,,,,111,19.99600079984003,1464575383306,0
move,0.39550473156692334,0.0,3.899992,10.350098,0,true,,,,,1464575383356,50
serverInfo,,,,,,,,,111,19.99600079984003,1464575383356,0
move,0.27954547812707986,0.0,2.6999931,21.599854,0,true,,,,,1464575383406,50
serverInfo,,,,,,,,,111,19.99600079984003,1464575383406,0
animation,,,,,,,,,,,1464575383428,22
animation,,,,,,,,,,,1464575383428,0
move,0.6094808410406074,0.376375000000003,2.5499935,14.550293,0,true,,,,,1464575383456,28
serverInfo,,,,,,,,,111,19.99600079984003,1464575383456,0
jump,,,,,,,,,,,1464575383456,0
move,0.3062901810714962,0.29044750565290656,0.8999977,7.199707,0,false,,,,,1464575383456,0
serverInfo,,,,,,,,,111,19.99600079984003,1464575383456,0
animation,,,,,,,,,,,1464575383510,54
move,0.24751481258254415,0.20623855955381742,-0.44999886,12.000244,0,false,,,,,1464575383556,46
serverInfo,,,,,,,,,111,19.99600079984003,1464575383556,0
move,0.18871039406375445,0.12371379077054456,-3.1499958,25.350098,0,false,,,,,1464575383606,50
serverInfo,,,,,,,,,111,19.99600079984003,1464575383606,0
move,0.15152855233920803,0.04283951578890566,-4.7999973,18.15039,0,false,,,,,1464575383656,50
serverInfo,,,,,,,,,111,19.99600079984003,1464575383656,0
animation,,,,,,,,,,,1464575383678,22
move,0.11862241985445365,-0.03641727523564953,-1.1999989,25.649902,0,false,,,,,1464575383706,28
serverInfo,,,,,,,,,111,19.99600079984003,1464575383706,0
animation,,,,,,,,,,,1464575383751,45
attack,,,,,,,,,,,1464575383751,0
attackInfo,,,,,,,0.9426275352245752,2.3324788589013914,,,1464575383751,0
serverInfo,,,,,,,,,112,19.817677368212443,1464575383751,0
move,0.10167704149212042,-0.11408893195141445,-1.3499975,-2.2497559,0,false,,,,,1464575383756,5
serverInfo,,,,,,,,,112,19.99600079984003,1464575383756,0
move,0.04776892135369337,-0.190207157014342,-1.6499968,-2.39917,0,false,,,,,1464575383756,0
serverInfo,,,,,,,,,112,19.99600079984003,1464575383756,0
move,0.011685864164473259,-0.26480301902784475,-1.1999979,-2.39917,0,false,,,,,1464575383856,100
serverInfo,,,,,,,,,112,19.99600079984003,1464575383856,0
move,-0.01745152940385708,-0.33790696522388686,-0.89999866,-3.14917,0,false,,,,,1464575383906,50
serverInfo,,,,,,,,,112,19.99600079984003,1464575383906,0
animation,,,,,,,,,,,1464575383923,17
move,-0.024455396620449932,-0.09619102331303964,-0.44999886,4.199707,0,false,,,,,1464575383956,33
serverInfo,,,,,,,,,112,19.99600079984003,1464575383956,0
move,-0.0353363123414141,0.0,-0.3000002,9.600586,0,true,,,,,1464575384006,50
serverInfo,,,,,,,,,112,19.99600079984003,1464575384006,0
move,0.008543193193901288,0.0,-0.29999924,13.050049,0,true,,,,,1464575384056,50
serverInfo,,,,,,,,,112,19.99600079984003,1464575384056,0
animation,,,,,,,,,,,1464575384060,4
move,0.0844501843302794,0.0,-0.44999886,17.399902,0,true,,,,,1464575384106,46
serverInfo,,,,,,,,,112,19.99600079984003,1464575384106,0
move,0.11429143249881335,0.0,-1.6499996,-4.050049,0,true,,,,,1464575384156,50
serverInfo,,,,,,,,,112,19.99600079984003,1464575384156,0
animation,,,,,,,,,,,1464575384187,31
attack,,,,,,,,,,,1464575384187,0
attackInfo,,,,,,,0.6069847876426369,1.8434970824198522,,,1464575384187,0
serverInfo,,,,,,,,,112,19.87281399046105,1464575384187,0
move,0.0990170184396284,0.0,0.0,-2.2497559,0,true,,,,,1464575384206,19
serverInfo,,,,,,,,,112,19.99600079984003,1464575384206,0
move,0.11074357161227866,0.0,-0.3000002,-1.6496582,0,true,,,,,1464575384256,50
serverInfo,,,,,,,,,112,19.99600079984003,1464575384256,0
move,0.07377186235176936,0.0,-0.6000004,-14.100586,0,true,,,,,1464575384306,50
serverInfo,,,,,,,,,112,19.99600079984003,1464575384306,0
animation,,,,,,,,,,,1464575384327,21
move,0.24308867871762274,0.2763750000000016,0.4500003,-6.449707,0,true,,,,,1464575384356,29
serverInfo,,,,,,,,,112,19.99600079984003,1464575384356,0
jump,,,,,,,,,,,1464575384356,0
move,0.09693929304577509,0.19244750374555508,-0.1500001,-4.4995117,0,false,,,,,1464575384406,50
serverInfo,,,,,,,,,112,19.99600079984003,1464575384406,0
move,0.08031134002572671,0.11019855581540838,0.0,-25.649902,0,false,,,,,1464575384456,50
serverInfo,,,,,,,,,112,19.99600079984003,1464575384456,0
animation,,,,,,,,,,,1464575384484,28
attack,,,,,,,,,,,1464575384484,0
attackInfo,,,,,,,0.8959797447921911,1.6266804048844619,,,1464575384484,0
serverInfo,,,,,,,,,112,19.884668920262477,1464575384484,0
move,0.04358560161472269,0.029594585275091845,-1.9500008,-13.049805,0,false,,,,,1464575384506,22
serverInfo,,,,,,,,,112,19.99600079984003,1464575384506,0
move,0.0328910212044633,-0.04939730739181414,-1.8000009,-10.199951,0,false,,,,,1464575384556,50
serverInfo,,,,,,,,,112,19.99600079984003,1464575384556,0
animation,,,,,,,,,,,1464575384560,4
move,0.0024113024716143627,-0.12680936371203444,-0.6,-8.399902,0,false,,,,,1464575384606,46
serverInfo,,,,,,,,,112,19.99600079984003,1464575384606,0
move,-0.0098771742417334,-0.20267318038236937,0.0,-0.14990234,0,false,,,,,1464575384656,50
serverInfo,,,,,,,,,112,19.99600079984003,1464575384656,0
move,-0.01922249906384721,-0.22973579334983896,4.350001,3.0002441,0,false,,,,,1464575384706,50
serverInfo,,,,,,,,,112,19.99600079984003,1464575384706,0
animation,,,,,,,,,,,1464575384726,20
attack,,,,,,,,,,,1464575384726,0
attackInfo,,,,,,,0.9287733464121619,1.756961990934514,,,1464575384726,0
serverInfo,,,,,,,,,112,19.916351324437365,1464575384726,0
move,-0.029602945766974642,0.0,1.0500002,10.199707,0,true,,,,,1464575384756,30
serverInfo,,,,,,,,,112,19.99600079984003,1464575384756,0
move,-0.1704605565153976,0.0,-0.3000002,-7.949951,0,true,,,,,1464575384806,50
serverInfo,,,,,,,,,112,19.99600079984003,1464575384806,0
move,-0.1994077825551983,0.0,1.3500004,-5.9995117,0,true,,,,,1464575384856,50
serverInfo,,,,,,,,,112,19.99600079984003,1464575384856,0
animation,,,,,,,,,,,1464575384875,19
attack,,,,,,,,,,,1464575384875,0
attackInfo,,,,,,,0.874517793574674,1.6607553305220388,,,1464575384875,0
serverInfo,,,,,,,,,112,19.9203187250996,1464575384875,0
move,0.07638827791810598,0.2763750000000016,-1.0500007,-2.0996094,0,true,,,,,1464575384906,31
serverInfo,,,,,,,,,112,19.99600079984003,1464575384906,0
jump,,,,,,,,,,,1464575384906,0
move,0.018244916731443794,0.19244750374555508,-1.500001,-6.6000977,0,false,,,,,1464575384956,50
serverInfo,,,,,,,,,112,19.99600079984003,1464575384956,0
animation,,,,,,,,,,,1464575384982,26
attack,,,,,,,,,,,1464575384982,0
attackInfo,,,,,,,0.9966392333823029,1.706006834564803,,,1464575384982,0
serverInfo,,,,,,,,,112,19.89258006763477,1464575384982,0
move,-0.003146642902507324,0.11019855581540838,0.1500001,-0.14990234,0,false,,,,,1464575385006,24
serverInfo,,,,,,,,,112,19.99600079984003,1464575385006,0
move,-0.09859810788362111,-0.019802722116722293,-0.3000002,-9.599365,0,false,,,,,1464575385056,50
serverInfo,,,,,,,,,112,19.99600079984003,1464575385056,0
move,-0.08123879550150548,-0.12680936371203444,0.0,-8.549805,0,false,,,,,1464575385156,100
serverInfo,,,,,,,,,112,19.99600079984003,1464575385156,0
animation,,,,,,,,,,,1464575385164,8
attack,,,,,,,,,,,1464575385164,0
attackInfo,,,,,,,0.9505681935559412,1.5231926623752396,,,1464575385164,0
serverInfo,,,,,,,,,112,19.964064683569575,1464575385164,0
move,-0.06998160367567152,-0.20267318038236937,2.1000013,3.75,0,false,,,,,1464575385206,42
serverInfo,,,,,,,,,112,19.99600079984003,1464575385206,0
move,-0.08888416113462938,-0.22973579334983896,0.0,1.4997559,0,false,,,,,1464575385256,50
serverInfo,,,,,,,,,112,19.99600079984003,1464575385256,0
animation,,,,,,,,,,,1464575385300,44
attack,,,,,,,,,,,1464575385300,0
attackInfo,,,,,,,0.8968359271945323,1.452479133270933,,,1464575385300,0
serverInfo,,,,,,,,,112,19.821605550049554,1464575385300,0
move,-0.19560797610311909,0.0,-0.3000002,3.599121,0,true,,,,,1464575385306,6
serverInfo,,,,,,,,,112,19.99600079984003,1464575385306,0
move,-0.10639682478904433,0.0,-0.6000004,3.2995605,0,true,,,,,1464575385306,0
serverInfo,,,,,,,,,112,19.99600079984003,1464575385306,0
move,-0.0854686095906203,0.0,-0.7500005,-1.4995117,0,true,,,,,1464575385406,100
serverInfo,,,,,,,,,112,19.99600079984003,1464575385406,0
move,-0.06937200236428609,0.0,0.6000004,-1.4990234,0,true,,,,,1464575385456,50
serverInfo,,,,,,,,,112,19.99600079984003,1464575385456,0
animation,,,,,,,,,,,1464575385480,24
attack,,,,,,,,,,,1464575385480,0
attackInfo,,,,,,,0.7942927011303866,1.1885851568781363,,,1464575385480,0
serverInfo,,,,,,,,,112,19.90049751243781,1464575385480,0
move,0.512463995760676,0.333750000000002,0.0,-1.0495605,0,true,,,,,1464575385506,26
serverInfo,,,,,,,,,112,19.99600079984003,1464575385506,0
jump,,,,,,,,,,,1464575385506,0
move,0.2534489145901979,0.24867500483989602,0.0,-5.399658,0,false,,,,,1464575385556,50
serverInfo,,,,,,,,,112,19.99600079984003,1464575385556,0
move,0.21937922873725313,0.16530150796032217,0.7500005,-1.9499512,0,false,,,,,1464575385556,0
serverInfo,,,,,,,,,112,19.99600079984003,1464575385556,0
animation,,,,,,,,,,,1464575385629,73
move,0.2262239843613294,0.08359547942811218,0.0,-0.14990234,0,false,,,,,1464575385656,27
serverInfo,,,,,,,,,112,19.99600079984003,1464575385656,0
move,0.23073384365727279,0.0,1.1999998,3.75,0,false,,,,,1464575385706,50
serverInfo,,,,,,,,,112,19.99600079984003,1464575385706,0
animation,,,,,,,,,,,1464575385729,23
move,0.19729632848066103,-0.07840000152587834,0.14999962,18.149658,0,false,,,,,1464575385756,27
serverInfo,,,,,,,,,112,19.99600079984003,1464575385756,0
move,0.1663393866290903,-0.15523200451659847,0.14999962,0.89990234,0,false,,,,,1464575385806,50
serverInfo,,,,,,,,,113,19.99600079984003,1464575385806,0
move,0.16594966222539398,-0.23052736891296632,1.0499983,0.15014648,0,false,,,,,1464575385806,0
serverInfo,,,,,,,,,113,19.99600079984003,1464575385806,0
animation,,,,,,,,,,,1464575385878,72
move,0.16124846722215835,-0.30431682745754074,-1.199997,7.199951,0,false,,,,,1464575385906,28
serverInfo,,,,,,,,,113,19.99600079984003,1464575385906,0
move,0.1281309041706642,-0.0628457898153485,-1.1999993,2.2487793,0,false,,,,,1464575385956,50
serverInfo,,,,,,,,,113,19.99600079984003,1464575385956,0
animation,,,,,,,,,,,1464575385977,21
attack,,,,,,,,,,,1464575385977,0
attackInfo,,,,,,,0.9432319534227799,2.7449573571484764,,,1464575385977,0
serverInfo,,,,,,,,,113,19.91238550378335,1464575385977,0
move,0.0785529644794778,0.3216249999999974,-1.8000011,11.850342,0,true,,,,,1464575386006,29
serverInfo,,,,,,,,,113,19.99600079984003,1464575386006,0
jump,,,,,,,,,,,1464575386006,0
move,0.01886544007261648,0.23679250460862988,-0.4500003,5.249756,0,false,,,,,1464575386056,50
serverInfo,,,,,,,,,113,19.99600079984003,1464575386056,0
move,-0.0073446760817148515,0.15365665750703528,0.3000002,-1.0493164,0,false,,,,,1464575386106,50
serverInfo,,,,,,,,,113,19.99600079984003,1464575386106,0
animation,,,,,,,,,,,1464575386129,23
attack,,,,,,,,,,,1464575386129,0
attackInfo,,,,,,,0.9870158923631299,2.8226627142666074,,,1464575386129,0
serverInfo,,,,,,,,,113,19.904458598726116,1464575386129,0
move,-0.025628034930221588,0.07218352576178688,0.7500005,5.999756,0,false,,,,,1464575386156,27
serverInfo,,,,,,,,,113,19.99600079984003,1464575386156,0
move,-0.12304580304177293,-0.09356708857900742,0.60000086,-3.2990723,0,false,,,,,1464575386256,100
serverInfo,,,,,,,,,113,19.99600079984003,1464575386256,0
animation,,,,,,,,,,,1464575386270,14
attack,,,,,,,,,,,1464575386270,0
attackInfo,,,,,,,0.9920514821014184,2.8050973309842706,,,1464575386270,0
serverInfo,,,,,,,,,113,19.940179461615156,1464575386270,0
move,-0.042292141060173094,-0.1625888079673672,0.4500003,0.2998047,0,false,,,,,1464575386306,36
serverInfo,,,,,,,,,113,19.99600079984003,1464575386306,0
move,-0.041587891254845744,-0.23773703643502841,0.1500001,-0.2998047,0,false,,,,,1464575386356,50
serverInfo,,,,,,,,,113,19.99600079984003,1464575386356,0
move,-0.06574573148443363,-0.2903647548960464,-0.4500003,0.89990234,0,false,,,,,1464575386406,50
serverInfo,,,,,,,,,113,19.99600079984003,1464575386406,0
animation,,,,,,,,,,,1464575386427,21
attack,,,,,,,,,,,1464575386427,0
attackInfo,,,,,,,0.9156740059322135,2.7176731710019593,,,1464575386427,0
serverInfo,,,,,,,,,113,19.91238550378335,1464575386427,0
move,-0.17292248718046466,0.0,-0.3000002,2.3996582,0,true,,,,,1464575386456,29
serverInfo,,,,,,,,,113,19.99600079984003,1464575386456,0
move,-0.12190815785366738,0.0,-0.1500001,-0.14990234,0,true,,,,,1464575386506,50
serverInfo,,,,,,,,,113,19.99600079984003,1464575386506,0
animation,,,,,,,,,,,1464575386529,23
attack,,,,,,,,,,,1464575386529,0
attackInfo,,,,,,,0.9681689930630628,2.2251175091985242,,,1464575386529,0
serverInfo,,,,,,,,,113,19.904458598726116,1464575386529,0
move,0.525888272213944,0.4272500000000008,-0.4500003,3.0,0,true,,,,,1464575386556,27
serverInfo,,,,,,,,,113,19.99600079984003,1464575386556,0
jump,,,,,,,,,,,1464575386556,0
move,0.2800308091801966,0.340305006623268,-0.1500001,0.14990234,0,false,,,,,1464575386606,50
serverInfo,,,,,,,,,113,19.99600079984003,1464575386606,0
move,0.24800766301036603,0.2550989114557325,-0.1500001,-0.44995117,0,false,,,,,1464575386656,50
serverInfo,,,,,,,,,113,19.99600079984003,1464575386656,0
animation,,,,,,,,,,,1464575386695,39
attack,,,,,,,,,,,1464575386695,0
attackInfo,,,,,,,0.9720376355051816,3.1092565973992383,,,1464575386695,0
serverInfo,,,,,,,,,113,19.841269841269842,1464575386695,0
move,0.1261500172636012,0.17159693656635966,-0.1500001,3.8996582,0,false,,,,,1464575386706,11
serverInfo,,,,,,,,,113,19.99600079984003,1464575386706,0
move,0.10553434837567366,0.08976499958210127,0.0,2520.0,0,false,,,,,1464575386756,50
serverInfo,,,,,,,,,113,19.99600079984003,1464575386756,0
move,0.0864027419655109,0.009569699776719176,1.0500007,-2519.4004,0,false,,,,,1464575386806,50
serverInfo,,,,,,,,,113,19.99600079984003,1464575386806,0
animation,,,,,,,,,,,1464575386811,5
move,0.06751515510645234,-0.06902169556217075,0.0,2.4001465,0,false,,,,,1464575386856,45
serverInfo,,,,,,,,,113,19.99600079984003,1464575386856,0
move,0.050421446627574085,-0.14604126449329158,-0.3000002,-1.4990234,0,false,,,,,1464575386906,50
serverInfo,,,,,,,,,113,19.99600079984003,1464575386906,0
move,0.03634189073380867,-0.22152044351481948,0.0,-1.0498047,0,false,,,,,1464575386956,50
serverInfo,,,,,,,,,113,19.99600079984003,1464575386956,0
animation,,,,,,,,,,,1464575386963,7
move,0.023624853550956004,-0.2954900403955705,0.0,-0.14990234,0,false,,,,,1464575387006,43
serverInfo,,,,,,,,,113,19.99600079984003,1464575387006,0
move,0.01167811882486447,-0.36798024674956054,-1.2000008,0.5996094,0,false,,,,,1464575387056,50
serverInfo,,,,,,,,,113,19.99600079984003,1464575387056,0
animation,,,,,,,,,,,1464575387076,20
move,1.0001678285747708,0.376375000000003,-1.2000008,8.25,0,false,,,,,1464575387106,30
serverInfo,,,,,,,,,113,19.99600079984003,1464575387106,0
jump,,,,,,,,,,,1464575387106,0
move,0.8763048640958324,0.29044750565290656,-0.1500001,1.199707,0,false,,,,,1464575387106,0
serverInfo,,,,,,,,,113,19.99600079984003,1464575387106,0
move,0.7634934367120074,0.20623855955381742,-0.1500001,0.44995117,0,false,,,,,1464575387156,50
serverInfo,,,,,,,,,113,19.99600079984003,1464575387156,0
animation,,,,,,,,,,,1464575387217,61
move,0.6603035336974195,0.12371379077055167,-0.90000033,2.6999512,0,false,,,,,1464575387256,39
serverInfo,,,,,,,,,113,20.0,1464575387256,0
move,0.5665687503294343,0.04283951578891276,-0.3000002,-0.8996582,0,false,,,,,1464575387306,50
serverInfo,,,,,,,,,113,20.0,1464575387306,0
move,0.48163356506143984,-0.03641727523564953,0.7500005,-1.7990723,0,false,,,,,1464575387356,50
serverInfo,,,,,,,,,113,20.0,1464575387356,0
animation,,,,,,,,,,,1464575387381,25
move,0.42252094668625517,-0.11408893195141445,0.0,2520.0,0,false,,,,,1464575387406,25
serverInfo,,,,,,,,,113,20.0,1464575387406,0
move,0.3697774520085346,-0.190207157014342,1.8000009,-2521.7993,0,false,,,,,1464575387456,50
serverInfo,,,,,,,,,113,20.0,1464575387456,0
move,0.3031970223274243,-0.26480301902784475,2.7000012,-1.0495605,0,false,,,,,1464575387456,0
serverInfo,,,,,,,,,113,20.0,1464575387456,0
animation,,,,,,,,,,,1464575387511,55
move,0.24264457838850007,-0.33790696522388686,1.0499988,-0.14990234,0,false,,,,,1464575387556,45
serverInfo,,,,,,,,,113,20.0,1464575387556,0
move,0.187763778603653,-0.28972288660182244,1.6499968,-0.89941406,0,false,,,,,1464575387606,50
serverInfo,,,,,,,,,113,20.0,1464575387606,0
animation,,,,,,,,,,,1464575387669,63
move,-0.05930734314415531,0.0,1.0499973,-1.9489746,0,true,,,,,1464575387706,37
serverInfo,,,,,,,,,113,20.0,1464575387706,0
move,-0.11899956488096564,0.0,0.5999985,-0.7495117,0,true,,,,,1464575387756,50
serverInfo,,,,,,,,,113,20.0,1464575387756,0
move,-0.1458108222873733,0.0,0.44999886,-0.44970703,0,true,,,,,1464575387806,50
serverInfo,,,,,,,,,113,20.0,1464575387806,0
move,-0.16044977053159215,0.0,0.0,2520.0,0,true,,,,,1464575387856,50
serverInfo,,,,,,,,,116,20.0,1464575387856,0
move,-0.16927517625310173,0.0,0.44999886,-2520.2998,0,true,,,,,1464575387906,50
serverInfo,,,,,,,,,116,20.0,1464575387906,0
move,-0.1740938483367671,0.0,0.0,2520.0,0,true,,,,,1464575387956,50
serverInfo,,,,,,,,,116,20.0,1464575387956,0
move,-0.03857520214582166,0.0,0.0,-2520.15,0,true,,,,,1464575388006,50
serverInfo,,,,,,,,,116,20.0,1464575388006,0
move,0.03313201503137009,0.0,-0.14999962,-0.7495117,0,true,,,,,1464575388056,50
serverInfo,,,,,,,,,116,20.0,1464575388056,0
animation,,,,,,,,,,,1464575388099,43
move,0.06905823757318785,0.0,-2.5499964,-1.0493164,0,true,,,,,1464575388106,7
serverInfo,,,,,,,,,116,20.0,1464575388106,0
move,0.08821655131542627,0.0,-1.0499973,-0.14990234,0,true,,,,,1464575388156,50
serverInfo,,,,,,,,,116,20.0,1464575388156,0
move,-0.038678134606804804,0.41999998688697815,0.0,2520.0,0,true,,,,,1464575388206,50
serverInfo,,,,,,,,,116,20.0,1464575388206,0
jump,,,,,,,,,,,1464575388206,0
animation,,,,,,,,,,,1464575388210,4
attack,,,,,,,,,,,1464575388210,0
attackInfo,,,,,,,0.8121658640972134,1.1459573467786672,,,1464575388210,0
serverInfo,,,,,,,,,116,19.984012789768187,1464575388210,0
move,-0.0025688092698459286,0.33319999363422426,1.3499985,-2520.0,0,false,,,,,1464575388256,46
serverInfo,,,,,,,,,116,20.0,1464575388256,0
move,-7.693624195326265E-4,0.24813599859093927,6.5999975,-13.5,0,false,,,,,1464575388356,100
serverInfo,,,,,,,,,116,20.0,1464575388356,0
move,-0.004226975082083584,0.1647732818260721,9.000004,-7.949707,0,false,,,,,1464575388356,0
serverInfo,,,,,,,,,116,20.0,1464575388356,0
animation,,,,,,,,,,,1464575388375,19
attack,,,,,,,,,,,1464575388375,0
attackInfo,,,,,,,0.6322792758788466,1.4775795467447475,,,1464575388375,0
serverInfo,,,,,,,,,116,19.924287706714484,1464575388375,0
move,-0.007458924609920814,0.08307781780646906,7.7999897,-2.5498047,0,false,,,,,1464575388406,31
serverInfo,,,,,,,,,116,20.0,1464575388406,0
move,0.8191599350348113,0.5,7.3500023,-5.699707,0,false,,,,,1464575388456,50
serverInfo,,,,,,,,,116,20.0,1464575388456,0
animation,,,,,,,,,,,1464575388485,29
attack,,,,,,,,,,,1464575388485,0
attackInfo,,,,,,,0.9540297257057438,2.207826497026215,,,1464575388485,0
serverInfo,,,,,,,,,116,19.884668920262477,1464575388485,0
move,0.4115920097054584,0.4116000080108648,1.0500069,-0.2998047,0,false,,,,,1464575388506,21
serverInfo,,,,,,,,,116,20.0,1464575388506,0
move,0.34385314757315655,0.3249680141754112,1.5000153,-19.349854,0,false,,,,,1464575388556,50
serverInfo,,,,,,,,,116,20.0,1464575388556,0
animation,,,,,,,,,,,1464575388595,39
move,0.28878556473044625,0.24006865856429727,1.650013,-15.600098,0,false,,,,,1464575388606,11
serverInfo,,,,,,,,,116,20.0,1464575388606,0
move,0.26559383667920144,0.15686728844607956,-1.8000107,-0.44970703,0,false,,,,,1464575388606,0
serverInfo,,,,,,,,,116,20.0,1464575388606,0
move,0.24147275012050073,0.07532994414329153,-1.3500099,4.7995605,0,false,,,,,1464575388706,100
serverInfo,,,,,,,,,116,20.0,1464575388706,0
animation,,,,,,,,,,,1464575388737,31
move,0.20848945039892897,0.0,-4.950001,17.850098,0,false,,,,,1464575388756,19
serverInfo,,,,,,,,,116,20.0,1464575388756,0
move,0.15427653377791728,-0.07840000152587834,-3.450016,11.399902,0,false,,,,,1464575388806,50
serverInfo,,,,,,,,,116,20.0,1464575388806,0
animation,,,,,,,,,,,1464575388855,49
move,0.12202367849035056,-0.15523200451660557,-5.7000084,1.0495605,0,false,,,,,1464575388856,1
serverInfo,,,,,,,,,116,20.0,1464575388856,0
move,0.4537147251367628,0.11074999999999591,-3.2999935,1.7995605,0,false,,,,,1464575388856,0
serverInfo,,,,,,,,,116,20.0,1464575388856,0
animation,,,,,,,,,,,1464575388956,100
move,0.3820727876682284,0.03013500058651175,-3.4499912,-1.1994629,0,false,,,,,1464575388956,0
serverInfo,,,,,,,,,116,20.0,1464575388956,0
move,0.31663754053130333,-0.048867700376320045,-2.9999924,-0.74975586,0,false,,,,,1464575388956,0
serverInfo,,,,,,,,,116,20.0,1464575388956,0
move,0.2573325460822957,-0.12629034882675683,-1.7999954,0.7495117,0,false,,,,,1464575389056,100
serverInfo,,,,,,,,,116,20.0,1464575389056,0
move,0.20346398566383073,-0.20216454578489618,-1.4999971,0.2998047,0,false,,,,,1464575389106,50
serverInfo,,,,,,,,,116,20.0,1464575389106,0
move,0.1544435942702762,-0.2765212602510587,-0.44999886,0.0,0,false,,,,,1464575389156,50
serverInfo,,,,,,,,,116,20.0,1464575389156,0
animation,,,,,,,,,,,1464575389205,49
move,0.10983503681653417,-0.34939084184613023,0.0,2520.0,0,false,,,,,1464575389206,1
serverInfo,,,,,,,,,116,20.0,1464575389206,0
move,0.06924124836373835,-0.4208030331991921,-0.14999962,-2520.0,0,false,,,,,1464575389206,0
serverInfo,,,,,,,,,116,20.0,1464575389206,0
move,0.032153635356266363,-0.4907869820872719,0.14999962,-0.44970703,0,false,,,,,1464575389306,100
serverInfo,,,,,,,,,116,20.0,1464575389306,0
move,-0.006576913437783105,-0.5593712533324222,0.0,2520.0,0,false,,,,,1464575389356,50
serverInfo,,,,,,,,,116,20.0,1464575389356,0
move,-0.03684089387151346,-0.39107802092460275,0.0,0.0,0,false,,,,,1464575389356,0
serverInfo,,,,,,,,,116,20.0,1464575389356,0
move,-0.14509453421189988,0.0,0.0,-2520.15,0,true,,,,,1464575389406,50
serverInfo,,,,,,,,,116,20.0,1464575389406,0
move,-0.16984003782318524,0.0,-0.29999924,-0.7495117,0,true,,,,,1464575389506,100
serverInfo,,,,,,,,,116,20.0,1464575389506,0
animation,,,,,,,,,,,1464575389545,39
move,0.8109630164206081,0.0,-2.3999977,-0.5998535,0,true,,,,,1464575389556,11
serverInfo,,,,,,,,,116,20.0,1464575389556,0
move,0.36823071429542864,0.0,-1.1999979,-0.89941406,0,true,,,,,1464575389606,50
serverInfo,,,,,,,,,116,20.0,1464575389606,0
animation,,,,,,,,,,,1464575389620,14
move,0.25266535724603756,0.0,-0.14999962,0.0,0,true,,,,,1464575389656,36
serverInfo,,,,,,,,,116,20.0,1464575389656,0
move,0.18956666496800523,0.0,0.0,2520.0,0,true,,,,,1464575389706,50
serverInfo,,,,,,,,,116,20.0,1464575389706,0
animation,,,,,,,,,,,1464575389749,43
move,0.1557046970305933,0.0,0.0,-2519.85,0,true,,,,,1464575389756,7
serverInfo,,,,,,,,,116,20.0,1464575389756,0
move,-0.04094992299700806,0.41999998688697815,0.0,5.5498047,0,true,,,,,1464575389806,50
serverInfo,,,,,,,,,116,20.0,1464575389806,0
jump,,,,,,,,,,,1464575389806,0
animation,,,,,,,,,,,1464575389826,20
move,-0.017780714635531325,0.33319999363422426,0.0,3.4492188,0,false,,,,,1464575389856,30
serverInfo,,,,,,,,,116,20.0,1464575389856,0
move,-0.039388307825340974,0.24813599859093927,-0.14999962,2.2492676,0,false,,,,,1464575389856,0
serverInfo,,,,,,,,,116,20.0,1464575389856,0
move,-0.06295425000960009,0.1647732818260721,-1.1999979,8.699951,0,false,,,,,1464575389956,100
serverInfo,,,,,,,,,121,20.0,1464575389956,0
animation,,,,,,,,,,,1464575389963,7
move,-0.08919058646596767,0.08307781780646906,1.9500008,13.500244,0,false,,,,,1464575390006,43
serverInfo,,,,,,,,,121,20.0,1464575390006,0
move,-0.11460724178477832,0.0,4.199997,5.8500977,0,false,,,,,1464575390056,50
serverInfo,,,,,,,,,121,20.0,1464575390056,0
animation,,,,,,,,,,,1464575390093,37
move,-0.13773639879149258,-0.07840000152587834,3.5999937,0.0,0,false,,,,,1464575390106,13
serverInfo,,,,,,,,,121,20.0,1464575390106,0
move,-0.1384548210184562,-0.15523200451660557,5.5499935,-2.2492676,0,false,,,,,1464575390156,50
serverInfo,,,,,,,,,121,20.0,1464575390156,0
move,-0.13838781609690187,-0.23052736891296632,3.5999908,-1.1992188,0,false,,,,,1464575390206,50
serverInfo,,,,,,,,,121,20.0,1464575390206,0
animation,,,,,,,,,,,1464575390232,26
attack,,,,,,,,,,,1464575390232,0
attackInfo,,,,,,,0.3009140783703352,1.7926390106718766,,,1464575390232,0
serverInfo,,,,,,,,,121,19.896538002387587,1464575390232,0
move,-0.11081259375000485,-0.30431682745754074,6.7500076,13.349609,0,false,,,,,1464575390256,24
serverInfo,,,,,,,,,121,20.0,1464575390256,0
move,-0.13682569858394444,-0.37663049823865435,2.10001,9.000244,0,false,,,,,1464575390306,50
serverInfo,,,,,,,,,121,20.0,1464575390306,0
animation,,,,,,,,,,,1464575390312,6
attack,,,,,,,,,,,1464575390312,0
attackInfo,,,,,,,0.1579881489284099,1.8971280810902866,,,1464575390312,0
serverInfo,,,,,,,,,121,19.97602876548142,1464575390312,0
move,-0.07369643275238147,-0.1040803780930375,1.2000084,26.850098,0,false,,,,,1464575390356,44
serverInfo,,,,,,,,,121,20.0,1464575390356,0
move,0.037806811360823644,0.0,-1.6500092,11.700439,0,true,,,,,1464575390406,50
serverInfo,,,,,,,,,121,20.0,1464575390406,0
move,0.10715453194523406,0.0,-3.9000092,-6.9003906,0,true,,,,,1464575390456,50
serverInfo,,,,,,,,,121,20.0,1464575390456,0
animation,,,,,,,,,,,1464575390480,24
animation,,,,,,,,,,,1464575390480,0
move,0.177413741597789,0.0,-3.7499943,12.5998535,0,true,,,,,1464575390506,26
serverInfo,,,,,,,,,121,20.0,1464575390506,0
move,0.2196188218345725,0.0,-2.6999931,1.6494141,0,true,,,,,1464575390556,50
serverInfo,,,,,,,,,121,20.0,1464575390556,0
move,0.26630608568484604,0.0,0.0,11.399902,0,true,,,,,1464575390606,50
serverInfo,,,,,,,,,121,20.0,1464575390606,0
animation,,,,,,,,,,,1464575390623,17
animation,,,,,,,,,,,1464575390623,0
move,0.3144132154806414,0.0,0.8999977,15.75,0,true,,,,,1464575390656,33
serverInfo,,,,,,,,,121,20.0,1464575390656,0
move,0.3443261195405327,0.0,0.14999962,3.2990723,0,true,,,,,1464575390706,50
serverInfo,,,,,,,,,121,20.0,1464575390706,0
animation,,,,,,,,,,,1464575390729,23
animation,,,,,,,,,,,1464575390729,0
move,0.3020811524522671,0.0,1.0499973,23.25,0,true,,,,,1464575390756,27
serverInfo,,,,,,,,,121,20.0,1464575390756,0
move,0.25632030712120013,0.0,-2.8499966,8.549561,0,true,,,,,1464575390806,50
serverInfo,,,,,,,,,121,20.0,1464575390806,0
animation,,,,,,,,,,,1464575390811,5
attack,,,,,,,,,,,1464575390811,0
attackInfo,,,,,,,0.887055190572674,1.8143571558160203,,,1464575390811,0
serverInfo,,,,,,,,,121,19.980019980019982,1464575390811,0
move,0.22739172740202207,0.0,-4.499996,3.9006348,0,true,,,,,1464575390856,45
serverInfo,,,,,,,,,121,20.0,1464575390856,0
move,0.30468438931800534,0.0,0.29999924,15.000244,0,true,,,,,1464575390906,50
serverInfo,,,,,,,,,121,20.0,1464575390906,0
animation,,,,,,,,,,,1464575390954,48
attack,,,,,,,,,,,1464575390954,0
attackInfo,,,,,,,0.9019312975239941,1.5331361267733274,,,1464575390954,0
serverInfo,,,,,,,,,121,19.80982567353407,1464575390954,0
move,0.34481924755677085,0.0,-2.2499943,-3.0,0,true,,,,,1464575390956,2
serverInfo,,,,,,,,,121,20.0,1464575390956,0
move,0.2052242826082349,0.0,-2.0999966,-10.350098,0,true,,,,,1464575390956,0
serverInfo,,,,,,,,,121,20.0,1464575390956,0
move,0.2815217868779669,0.0,-0.14999962,-0.8996582,0,true,,,,,1464575391056,100
serverInfo,,,,,,,,,121,20.0,1464575391056,0
move,0.29679500369233835,0.0,-5.25,-25.950195,0,true,,,,,1464575391106,50
serverInfo,,,,,,,,,121,20.0,1464575391106,0
animation,,,,,,,,,,,1464575391125,19
attack,,,,,,,,,,,1464575391125,0
attackInfo,,,,,,,0.6699184204839975,0.9560204046659044,,,1464575391125,0
serverInfo,,,,,,,,,121,19.924287706714484,1464575391125,0
move,0.2518622801358106,0.0,1.6499968,-6.1499023,0,true,,,,,1464575391156,31
serverInfo,,,,,,,,,121,20.0,1464575391156,0
move,0.29266179551643035,0.0,0.14999962,-0.2998047,0,true,,,,,1464575391206,50
serverInfo,,,,,,,,,121,20.0,1464575391206,0
animation,,,,,,,,,,,1464575391252,46
attack,,,,,,,,,,,1464575391252,0
attackInfo,,,,,,,0.38136274273739557,0.7914119460053398,,,1464575391252,0
serverInfo,,,,,,,,,121,19.817677368212443,1464575391252,0
move,0.32309737118117,0.0,2.9999952,-5.1000977,0,true,,,,,1464575391256,4
serverInfo,,,,,,,,,121,20.0,1464575391256,0
move,0.26893157943501933,0.0,1.949995,0.14990234,0,true,,,,,1464575391256,0
serverInfo,,,,,,,,,121,20.0,1464575391256,0
move,0.3234781981661783,0.0,2.6999931,-11.4001465,0,true,,,,,1464575391356,100
serverInfo,,,,,,,,,121,20.0,1464575391356,0
animation,,,,,,,,,,,1464575391373,17
move,0.35815179770182937,0.0,-0.5999985,-25.199707,0,true,,,,,1464575391406,33
serverInfo,,,,,,,,,121,20.0,1464575391406,0
move,0.35649527667447956,0.0,-3.1499958,-19.800049,0,true,,,,,1464575391456,50
serverInfo,,,,,,,,,121,20.0,1464575391456,0
move,0.3330907928426967,0.0,-4.0499973,-18.749756,0,true,,,,,1464575391456,0
serverInfo,,,,,,,,,121,20.0,1464575391456,0
animation,,,,,,,,,,,1464575391512,56
move,0.3195549418458654,0.0,-1.1999979,-3.9001465,0,true,,,,,1464575391556,44
serverInfo,,,,,,,,,121,20.0,1464575391556,0
move,0.31228446970235524,0.0,0.14999962,0.44995117,0,true,,,,,1464575391606,50
serverInfo,,,,,,,,,121,20.0,1464575391606,0
move,0.3084612363378625,0.0,0.7499981,0.5998535,0,true,,,,,1464575391656,50
serverInfo,,,,,,,,,121,20.0,1464575391656,0
animation,,,,,,,,,,,1464575391663,7
move,0.011793367542324518,0.376375000000003,-7.6500006,-36.89966,0,true,,,,,1464575391706,43
serverInfo,,,,,,,,,121,20.0,1464575391706,0
jump,,,,,,,,,,,1464575391706,0
move,-0.017791521025841917,0.29044750565290656,-4.5,-76.65015,0,false,,,,,1464575391756,50
serverInfo,,,,,,,,,121,20.0,1464575391756,0
animation,,,,,,,,,,,1464575391758,2
move,-0.01717444110439459,0.20623855955381742,-1.5,-13.949951,0,false,,,,,1464575391806,48
serverInfo,,,,,,,,,121,20.0,1464575391806,0
move,-0.017485750640425124,0.12371379077054456,0.0,0.8996582,0,false,,,,,1464575391856,50
serverInfo,,,,,,,,,121,20.0,1464575391856,0
animation,,,,,,,,,,,1464575391866,10
move,0.0023249970579044543,0.04283951578890566,1.8,11.700195,0,false,,,,,1464575391906,40
serverInfo,,,,,,,,,121,20.0,1464575391906,0
move,0.009487551129289784,-0.03641727523564953,3.3000002,18.600098,0,false,,,,,1464575391956,50
serverInfo,,,,,,,,,120,20.0,1464575391956,0
move,0.009265855402773582,-0.11408893195141445,6.0,10.799805,0,false,,,,,1464575392006,50
serverInfo,,,,,,,,,120,20.0,1464575392006,0
animation,,,,,,,,,,,1464575392025,19
move,-0.014194769590424983,-0.190207157014342,10.050001,39.89966,0,false,,,,,1464575392056,31
serverInfo,,,,,,,,,120,20.0,1464575392056,0
move,-0.007003021044461377,-0.26480301902784475,-1.3499966,-3.1501465,0,false,,,,,1464575392106,50
serverInfo,,,,,,,,,120,20.0,1464575392106,0
move,0.012485202873207868,-0.33790696522388686,-4.3499937,-21.599854,0,false,,,,,1464575392106,0
serverInfo,,,,,,,,,120,20.0,1464575392106,0
animation,,,,,,,,,,,1464575392164,58
attack,,,,,,,,,,,1464575392164,0
attackInfo,,,,,,,0.634844070574336,1.6071548140751053,,,1464575392164,0
serverInfo,,,,,,,,,120,19.968051118210862,1464575392164,0
move,0.04263038109175454,-0.09619102331303964,-0.29999924,-7.800049,0,false,,,,,1464575392206,42
serverInfo,,,,,,,,,120,20.0,1464575392206,0
animation,,,,,,,,,,,1464575392256,50
attack,,,,,,,,,,,1464575392256,0
attackInfo,,,,,,,0.6659673837748127,1.4875915731822937,,,1464575392256,0
serverInfo,,,,,,,,,120,19.801980198019802,1464575392256,0
move,0.1773652306461031,0.0,-0.14999962,-7.3496094,0,true,,,,,1464575392256,0
serverInfo,,,,,,,,,120,20.0,1464575392256,0
move,0.3944761840701112,0.1508749999999992,-0.7499981,-3.8996582,0,true,,,,,1464575392256,0
serverInfo,,,,,,,,,120,20.0,1464575392256,0
jump,,,,,,,,,,,1464575392256,0
move,0.21753707260547017,0.0694575013518346,0.0,0.44995117,0,false,,,,,1464575392356,100
serverInfo,,,,,,,,,120,20.0,1464575392356,0
move,0.1791822002003265,-0.010331648876288568,0.14999962,1.0495605,0,false,,,,,1464575392406,50
serverInfo,,,,,,,,,120,20.0,1464575392406,0
animation,,,,,,,,,,,1464575392419,13
move,0.13464374420677316,-0.08852501762169851,0.44999886,9.000244,0,false,,,,,1464575392456,37
serverInfo,,,,,,,,,120,20.0,1464575392456,0
move,0.09333597638813274,-0.12147583485384672,0.0,1.949707,0,false,,,,,1464575392456,0
serverInfo,,,,,,,,,120,20.0,1464575392456,0
animation,,,,,,,,,,,1464575392550,94
attack,,,,,,,,,,,1464575392550,0
attackInfo,,,,,,,0.7531380406588247,3.534178728628008,,,1464575392550,0
serverInfo,,,,,,,,,120,19.825535289452816,1464575392550,0
move,0.17428020124760835,0.0,-0.5999985,-5.25,0,true,,,,,1464575392556,6
serverInfo,,,,,,,,,120,20.0,1464575392556,0
move,0.22744221524288832,0.0,-3.449997,-25.199707,0,true,,,,,1464575392556,0
serverInfo,,,,,,,,,120,20.0,1464575392556,0
move,0.3080300866523089,0.0,-0.75,-21.899902,0,true,,,,,1464575392656,100
serverInfo,,,,,,,,,120,20.0,1464575392656,0
animation,,,,,,,,,,,1464575392661,5
move,0.28615460146793836,0.0,-1.4999981,3.9003906,0,true,,,,,1464575392706,45
serverInfo,,,,,,,,,120,20.0,1464575392706,0
move,0.23791002191646982,0.0,-0.3000002,13.949707,0,true,,,,,1464575392756,50
serverInfo,,,,,,,,,120,20.0,1464575392756,0
move,0.1720676602147151,0.0,0.4500003,13.799805,0,true,,,,,1464575392806,50
serverInfo,,,,,,,,,120,20.0,1464575392806,0
animation,,,,,,,,,,,1464575392824,18
attack,,,,,,,,,,,1464575392824,0
attackInfo,,,,,,,0.97918984937801,3.741802068925264,,,1464575392824,0
serverInfo,,,,,,,,,120,19.928258270227182,1464575392824,0
move,0.07506033810348711,0.0,-0.1500001,7.199707,0,true,,,,,1464575392856,32
serverInfo,,,,,,,,,120,20.0,1464575392856,0
move,0.07414817326128897,0.0,-1.2000008,-4.6499023,0,true,,,,,1464575392906,50
serverInfo,,,,,,,,,120,20.0,1464575392906,0
animation,,,,,,,,,,,1464575392930,24
move,0.2059430910386979,0.0,-3.0000007,-8.549561,0,true,,,,,1464575392956,26
serverInfo,,,,,,,,,120,20.0,1464575392956,0
move,0.2781100457531416,0.0,0.0,-0.14990234,0,true,,,,,1464575393006,50
serverInfo,,,,,,,,,120,20.0,1464575393006,0
move,0.30077650274785483,0.0,3.4500005,10.199707,0,true,,,,,1464575393056,50
serverInfo,,,,,,,,,120,20.0,1464575393056,0
animation,,,,,,,,,,,1464575393069,13
move,0.22409821125792817,0.0,2.699998,35.09961,0,true,,,,,1464575393106,37
serverInfo,,,,,,,,,120,20.0,1464575393106,0
move,0.17994362202744796,0.0,-0.14999962,0.75,0,true,,,,,1464575393106,0
serverInfo,,,,,,,,,120,20.0,1464575393106,0
move,0.1585732124697543,0.0,-0.14999962,-0.8996582,0,true,,,,,1464575393206,100
serverInfo,,,,,,,,,120,20.0,1464575393206,0
animation,,,,,,,,,,,1464575393212,6
attack,,,,,,,,,,,1464575393212,0
attackInfo,,,,,,,0.8464556617184011,4.448478999490433,,,1464575393212,0
serverInfo,,,,,,,,,120,19.97602876548142,1464575393212,0
move,0.11135597364256,0.0,-0.29999924,0.30004883,0,true,,,,,1464575393256,44
serverInfo,,,,,,,,,120,20.0,1464575393256,0
animation,,,,,,,,,,,1464575393306,50
move,0.12020775187447441,0.0,0.0,2520.0,0,true,,,,,1464575393306,0
serverInfo,,,,,,,,,120,20.0,1464575393306,0
move,0.188235275204093,0.0,-0.44999886,-2518.3503,0,true,,,,,1464575393306,0
serverInfo,,,,,,,,,120,20.0,1464575393306,0
move,0.15114814482950578,0.0,-0.29999924,1.9494629,0,true,,,,,1464575393406,100
serverInfo,,,,,,,,,120,20.0,1464575393406,0
move,0.15097270212284286,0.0,-2.8500004,-6.600586,0,true,,,,,1464575393456,50
serverInfo,,,,,,,,,120,20.0,1464575393456,0
animation,,,,,,,,,,,1464575393466,10
attack,,,,,,,,,,,1464575393466,0
attackInfo,,,,,,,0.9550530185273396,4.232759602028572,,,1464575393466,0
serverInfo,,,,,,,,,120,19.960079840319363,1464575393466,0
move,0.18030865022864617,0.0,-2.55,-3.8996582,0,true,,,,,1464575393506,40
serverInfo,,,,,,,,,120,20.0,1464575393506,0
move,0.17877018541199163,0.0,0.0,-0.14990234,0,true,,,,,1464575393556,50
serverInfo,,,,,,,,,120,20.0,1464575393556,0
move,0.15611436572139326,0.0,1.0500004,7.3496094,0,true,,,,,1464575393606,50
serverInfo,,,,,,,,,120,20.0,1464575393606,0
animation,,,,,,,,,,,1464575393621,15
move,0.19815065956377254,0.0,1.0500007,9.0,0,true,,,,,1464575393656,35
serverInfo,,,,,,,,,120,20.0,1464575393656,0
move,0.13965192878200838,0.0,0.3000002,-3.3000488,0,true,,,,,1464575393706,50
serverInfo,,,,,,,,,120,20.0,1464575393706,0
animation,,,,,,,,,,,1464575393710,4
move,0.11238517355855748,0.0,0.3000002,-1.949707,0,true,,,,,1464575393756,46
serverInfo,,,,,,,,,120,20.0,1464575393756,0
move,0.18656347384119698,0.0,-1.3500004,-4.7995605,0,true,,,,,1464575393806,50
serverInfo,,,,,,,,,120,20.0,1464575393806,0
move,0.17119194685216854,0.0,-0.6000004,-2.5493164,0,true,,,,,1464575393806,0
serverInfo,,,,,,,,,120,20.0,1464575393806,0
animation,,,,,,,,,,,1464575393858,52
attack,,,,,,,,,,,1464575393858,0
attackInfo,,,,,,,0.9619137472244388,4.784008306992118,,,1464575393858,0
serverInfo,,,,,,,,,120,19.992003198720514,1464575393858,0
move,0.1574111302768415,0.0,-0.4500003,1.7995605,0,true,,,,,1464575393906,48
serverInfo,,,,,,,,,120,20.0,1464575393906,0
move,0.14400096409046625,0.0,0.0,1.949707,0,true,,,,,1464575393956,50
serverInfo,,,,,,,,,120,20.0,1464575393956,0
move,0.12793080898622833,0.0,-0.3000002,2.8493652,0,true,,,,,1464575394006,50
serverInfo,,,,,,,,,120,20.0,1464575394006,0
animation,,,,,,,,,,,1464575394031,25
attack,,,,,,,,,,,1464575394031,0
attackInfo,,,,,,,0.9713636970427246,4.82560866578369,,,1464575394031,0
serverInfo,,,,,,,,,120,19.90049751243781,1464575394031,0
move,0.08562336480626698,0.0,-0.29999995,1.7998047,0,true,,,,,1464575394056,25
serverInfo,,,,,,,,,120,20.0,1464575394056,0
animation,,,,,,,,,,,1464575394110,54
move,0.0853100080287561,0.0,0.0,1.6494141,0,true,,,,,1464575394156,46
serverInfo,,,,,,,,,120,20.0,1464575394156,0
move,0.15022803713493005,0.0,0.0,8.699463,0,true,,,,,1464575394156,0
serverInfo,,,,,,,,,120,20.0,1464575394156,0
move,0.09150319114192484,0.0,0.0,0.44970703,0,true,,,,,1464575394206,50
serverInfo,,,,,,,,,120,20.0,1464575394206,0
move,0.016326607079029998,0.0,2.5500004,13.500244,0,true,,,,,1464575394256,50
serverInfo,,,,,,,,,120,20.0,1464575394256,0
animation,,,,,,,,,,,1464575394269,13
move,-0.03461054773634231,0.0,-3.4500008,3.1503906,0,true,,,,,1464575394306,37
serverInfo,,,,,,,,,120,20.0,1464575394306,0
move,-0.044931552509822836,0.0,-0.5999999,-5.5498047,0,true,,,,,1464575394356,50
serverInfo,,,,,,,,,120,20.0,1464575394356,0
animation,,,,,,,,,,,1464575394375,19
move,-0.04675762303354958,0.0,0.29999995,-1.1999512,0,true,,,,,1464575394406,31
serverInfo,,,,,,,,,120,20.0,1464575394406,0
move,0.06104030905727598,0.0,-0.14999998,-0.5998535,0,true,,,,,1464575394456,50
serverInfo,,,,,,,,,120,20.0,1464575394456,0
move,0.0015845010588293462,0.0,0.14999998,3.5993652,0,true,,,,,1464575394506,50
serverInfo,,,,,,,,,120,20.0,1464575394506,0
animation,,,,,,,,,,,1464575394540,34
move,-0.04125414182521325,0.0,-0.29999995,3.2995605,0,true,,,,,1464575394556,16
serverInfo,,,,,,,,,120,20.0,1464575394556,0
move,-0.06369981657648793,0.0,0.0,-0.2998047,0,true,,,,,1464575394606,50
serverInfo,,,,,,,,,120,20.0,1464575394606,0
move,-0.0759551564141816,0.0,0.29999995,0.0,0,true,,,,,1464575394656,50
serverInfo,,,,,,,,,120,20.0,1464575394656,0
animation,,,,,,,,,,,1464575394675,19
move,-0.08264657274278164,0.0,0.0,2520.0,0,true,,,,,1464575394706,31
serverInfo,,,,,,,,,120,20.0,1464575394706,0
move,-0.08630008648256648,0.0,0.0,0.0,0,true,,,,,1464575394756,50
serverInfo,,,,,,,,,120,20.0,1464575394756,0
animation,,,,,,,,,,,1464575394785,29
move,-0.0994751235253517,0.0,-0.7499999,-2516.4,0,true,,,,,1464575394806,21
serverInfo,,,,,,,,,120,20.0,1464575394806,0
move,-0.10666869458626849,0.0,-0.29999998,0.0,0,true,,,,,1464575394856,50
serverInfo,,,,,,,,,120,20.0,1464575394856,0
move,-0.11609485744290993,0.0,-0.9,1.800293,0,true,,,,,1464575394856,0
serverInfo,,,,,,,,,120,20.0,1464575394856,0
animation,,,,,,,,,,,1464575394915,59
move,-0.16404314291003885,0.0,3.6000006,14.850098,0,true,,,,,1464575394956,41
serverInfo,,,,,,,,,120,20.0,1464575394956,0
move,-0.18819355792585668,0.0,0.3000002,-0.7495117,0,true,,,,,1464575395006,50
serverInfo,,,,,,,,,120,20.0,1464575395006,0
animation,,,,,,,,,,,1464575395029,23
attack,,,,,,,,,,,1464575395029,0
attackInfo,,,,,,,0.9688465010419559,2.260087283543089,,,1464575395029,0
serverInfo,,,,,,,,,120,19.908421262193908,1464575395029,0
move,-0.14560344347564325,0.0,1.6500006,3.149414,0,true,,,,,1464575395056,27
serverInfo,,,,,,,,,120,20.0,1464575395056,0
move,-0.10801876217603734,0.0,0.4500003,0.2998047,0,true,,,,,1464575395056,0
serverInfo,,,,,,,,,120,20.0,1464575395056,0
move,-0.06826736666593547,0.0,3.2999992,6.149658,0,true,,,,,1464575395106,50
serverInfo,,,,,,,,,120,20.0,1464575395106,0
animation,,,,,,,,,,,1464575395170,64
attack,,,,,,,,,,,1464575395170,0
attackInfo,,,,,,,0.7251563884162443,1.3164595224757938,,,1464575395170,0
serverInfo,,,,,,,,,120,19.94415636218588,1464575395170,0
move,-0.14670145043179872,0.0,-0.14999962,5.4001465,0,true,,,,,1464575395206,36
serverInfo,,,,,,,,,120,20.0,1464575395206,0
move,-0.21790773020261156,0.0,0.3000002,-5.9992676,0,true,,,,,1464575395256,50
serverInfo,,,,,,,,,120,20.0,1464575395256,0
animation,,,,,,,,,,,1464575395282,26
attack,,,,,,,,,,,1464575395282,0
attackInfo,,,,,,,0.5689459373554542,1.7585509917201132,,,1464575395282,0
serverInfo,,,,,,,,,120,19.896538002387587,1464575395282,0
move,-0.24785106470265816,0.0,1.7999964,4.050049,0,true,,,,,1464575395306,24
serverInfo,,,,,,,,,120,20.0,1464575395306,0
move,-0.17598538020222776,0.0,3.1499987,10.950195,0,true,,,,,1464575395356,50
serverInfo,,,,,,,,,120,20.0,1464575395356,0
move,0.7724264714121816,0.376375000000003,0.29999924,2.5498047,0,true,,,,,1464575395406,50
serverInfo,,,,,,,,,120,20.0,1464575395406,0
jump,,,,,,,,,,,1464575395406,0
animation,,,,,,,,,,,1464575395438,32
attack,,,,,,,,,,,1464575395438,0
attackInfo,,,,,,,0.7604388887688651,2.319520092525014,,,1464575395438,0
serverInfo,,,,,,,,,120,19.87281399046105,1464575395438,0
move,0.21672546532482073,0.29044750565290656,2.5499954,22.050293,0,false,,,,,1464575395456,18
serverInfo,,,,,,,,,120,20.0,1464575395456,0
move,0.16086956380684825,0.20623855955381742,-1.0499973,0.3005371,0,false,,,,,1464575395506,50
serverInfo,,,,,,,,,120,20.0,1464575395506,0
animation,,,,,,,,,,,1464575395512,6
attack,,,,,,,,,,,1464575395512,0
attackInfo,,,,,,,0.9604253326309554,2.6446302705423195,,,1464575395512,0
serverInfo,,,,,,,,,120,19.97602876548142,1464575395512,0
move,0.051071924697616566,0.12371379077054456,-0.5999985,9.75,0,false,,,,,1464575395556,44
serverInfo,,,,,,,,,120,20.0,1464575395556,0
move,0.0151140899173825,0.04283951578890566,-2.5499964,14.400391,0,false,,,,,1464575395606,50
serverInfo,,,,,,,,,120,20.0,1464575395606,0
move,-0.005410380277560023,-0.15050620718706398,-1.199997,1.4997559,0,false,,,,,1464575395706,100
serverInfo,,,,,,,,,120,20.0,1464575395706,0
move,0.011865849989852961,-0.190207157014342,-0.29999924,-1.5,0,false,,,,,1464575395756,50
serverInfo,,,,,,,,,120,20.0,1464575395756,0
move,0.020621818861485508,-0.26480301902784475,0.0,2520.0,0,false,,,,,1464575395806,50
serverInfo,,,,,,,,,120,20.0,1464575395806,0
move,0.028589750764304256,-0.33790696522388686,0.0,0.0,0,false,,,,,1464575395806,0
serverInfo,,,,,,,,,120,20.0,1464575395806,0
move,0.035840569004840006,-0.09619102331303964,0.0,0.0,0,false,,,,,1464575395906,100
serverInfo,,,,,,,,,120,20.0,1464575395906,0
move,0.300960490107542,0.3292500000000018,0.0,0.0,0,true,,,,,1464575395956,50
serverInfo,,,,,,,,,120,20.0,1464575395956,0
jump,,,,,,,,,,,1464575395956,0
move,0.12889154079537946,0.24426500475406954,0.0,0.0,0,false,,,,,1464575396006,50
serverInfo,,,,,,,,,108,20.0,1464575396006,0
move,0.0770010948247517,0.16097970779209447,0.0,0.0,0,false,,,,,1464575396056,50
serverInfo,,,,,,,,,108,20.0,1464575396056,0
move,0.034638092419911004,0.07936011518081187,0.0,0.0,0,false,,,,,1464575396056,0
serverInfo,,,,,,,,,108,20.0,1464575396056,0
move,-0.04290528607251076,-0.07840000152587834,0.0,0.0,0,false,,,,,1464575396206,150
serverInfo,,,,,,,,,108,20.0,1464575396206,0
move,-0.03606303719377735,-0.15523200451659847,0.0,0.0,0,false,,,,,1464575396256,50
serverInfo,,,,,,,,,108,20.0,1464575396256,0
move,-0.03281736479213038,-0.23052736891296632,0.0,0.0,0,false,,,,,1464575396306,50
serverInfo,,,,,,,,,108,20.0,1464575396306,0
move,-0.02986380282150236,-0.30431682745754074,0.0,0.0,0,false,,,,,1464575396306,0
serverInfo,,,,,,,,,108,20.0,1464575396306,0
move,-0.05190627789271218,-0.04537862531399384,0.0,0.0,0,true,,,,,1464575396456,150
serverInfo,,,,,,,,,108,20.0,1464575396456,0
move,0.8697918218981116,0.376375000000003,0.0,0.0,0,true,,,,,1464575397356,900
serverInfo,,,,,,,,,108,20.0,1464575397356,0
jump,,,,,,,,,,,1464575397356,0
move,0.49863455791771827,0.29044750565290656,0.0,0.0,0,false,,,,,1464575397356,0
serverInfo,,,,,,,,,108,20.0,1464575397356,0
move,0.45375746078232737,0.20623855955381742,0.0,0.0,0,false,,,,,1464575397456,100
serverInfo,,,,,,,,,108,20.0,1464575397456,0
move,0.41291930121218456,0.12371379077054456,0.0,0.0,0,false,,,,,1464575397506,50
serverInfo,,,,,,,,,108,20.0,1464575397506,0
move,0.37575657493233194,0.04283951578890566,0.0,0.0,0,false,,,,,1464575397556,50
serverInfo,,,,,,,,,108,20.0,1464575397556,0
move,0.34193849304303114,-0.03641727523564953,0.0,0.0,0,false,,,,,1464575397556,0
serverInfo,,,,,,,,,108,20.0,1464575397556,0
move,0.31116403763684986,-0.11408893195141445,0.0,0.0,0,false,,,,,1464575397656,100
serverInfo,,,,,,,,,108,20.0,1464575397656,0
move,0.2831592824101392,-0.190207157014342,0.0,0.0,0,false,,,,,1464575397706,50
serverInfo,,,,,,,,,108,20.0,1464575397706,0
move,0.2576749544193717,-0.26480301902784475,0.0,0.0,0,false,,,,,1464575397756,50
serverInfo,,,,,,,,,108,20.0,1464575397756,0
move,0.23448421527941576,-0.33790696522388686,0.0,0.0,0,false,,,,,1464575397806,50
serverInfo,,,,,,,,,108,20.0,1464575397806,0
move,0.21338064205387042,-0.09619102331303964,0.0,0.0,0,false,,,,,1464575397856,50
serverInfo,,,,,,,,,108,20.0,1464575397856,0
move,0.19417638986514874,0.0,0.0,0.0,0,true,,,,,1464575397856,0
serverInfo,,,,,,,,,108,20.0,1464575397856,0
move,0.8372499999999974,0.29187499999999744,0.0,0.0,0,true,,,,,1464575397956,100
serverInfo,,,,,,,,,108,20.0,1464575397956,0
jump,,,,,,,,,,,1464575397956,0
move,0.4571385530978418,0.20763750404119463,0.0,0.0,0,false,,,,,1464575398006,50
serverInfo,,,,,,,,,108,20.0,1464575398006,0
move,0.41599609530797466,0.1250847563948625,0.0,0.0,0,false,,,,,1464575398056,50
serverInfo,,,,,,,,,108,20.0,1464575398056,0
move,0.37855645764018675,0.044183062126890604,0.0,0.0,0,false,,,,,1464575398106,50
serverInfo,,,,,,,,,107,20.0,1464575398106,0
move,0.34448638638060913,-0.035100599798802534,0.0,0.0,0,false,,,,,1464575398156,50
serverInfo,,,,,,,,,107,20.0,1464575398156,0
move,0.31348262064086896,-0.11279858999819936,0.0,0.0,0,false,,,,,1464575398206,50
serverInfo,,,,,,,,,107,20.0,1464575398206,0
move,0.2852691930046021,-0.18894262187557587,0.0,0.0,0,false,,,,,1464575398206,0
serverInfo,,,,,,,,,107,20.0,1464575398206,0
move,0.2595949731156679,-0.2635637745677357,0.0,0.0,0,false,,,,,1464575398306,100
serverInfo,,,,,,,,,107,20.0,1464575398306,0
move,0.231293779233809,-0.06837473632263169,0.0,0.0,0,false,,,,,1464575398356,50
serverInfo,,,,,,,,,107,20.0,1464575398356,0
move,0.210477345168691,0.0,0.0,0.0,0,true,,,,,1464575398406,50
serverInfo,,,,,,,,,107,20.0,1464575398406,0
move,0.11492064381043576,0.0,0.0,0.0,0,true,,,,,1464575398456,50
serverInfo,,,,,,,,,107,20.0,1464575398456,0
move,0.06274667880869345,0.0,0.0,0.0,0,true,,,,,1464575398506,50
serverInfo,,,,,,,,,107,20.0,1464575398506,0
move,0.06875534570679065,0.0,0.0,0.0,0,true,,,,,1464575398706,200
serverInfo,,,,,,,,,107,20.0,1464575398706,0
move,0.336749999999995,0.2763750000000016,0.0,0.0,0,true,,,,,1464575399206,500
serverInfo,,,,,,,,,107,20.0,1464575399206,0
jump,,,,,,,,,,,1464575399206,0
move,0.18386552135645928,0.19244750374555508,0.0,0.0,0,false,,,,,1464575399256,50
serverInfo,,,,,,,,,107,20.0,1464575399256,0
move,0.1673176292564449,0.11019855581540838,0.0,0.0,0,false,,,,,1464575399306,50
serverInfo,,,,,,,,,107,20.0,1464575399306,0
move,0.152259047011448,0.029594585275091845,0.0,0.0,0,false,,,,,1464575399356,50
serverInfo,,,,,,,,,107,20.0,1464575399356,0
move,0.13855573677356858,-0.04939730739181414,0.0,-2520.4497,0,false,,,,,1464575399406,50
serverInfo,,,,,,,,,107,20.0,1464575399406,0
move,0.12608572409771313,-0.12680936371203444,0.0,-0.2998047,0,false,,,,,1464575399456,50
serverInfo,,,,,,,,,107,20.0,1464575399456,0
move,0.09899542507719161,-0.20267318038236937,0.7499981,-4.3500977,0,false,,,,,1464575399506,50
serverInfo,,,,,,,,,107,20.0,1464575399506,0
move,0.07182636138205112,-0.22973579334983896,1.4999962,-6.6000977,0,false,,,,,1464575399506,0
serverInfo,,,,,,,,,107,20.0,1464575399506,0
animation,,,,,,,,,,,1464575399571,65
attack,,,,,,,,,,,1464575399571,0
attackInfo,,,,,,,0.7275647186670681,2.1580107958642194,,,1464575399571,0
serverInfo,,,,,,,,,107,19.940179461615156,1464575399571,0
move,0.18474079929328724,0.0,-3.7499952,-9.449219,0,true,,,,,1464575399656,85
serverInfo,,,,,,,,,107,20.0,1464575399656,0
animation,,,,,,,,,,,1464575399673,17
attack,,,,,,,,,,,1464575399673,0
attackInfo,,,,,,,0.6755208267635866,1.9415817372937139,,,1464575399673,0
serverInfo,,,,,,,,,107,19.932230416583614,1464575399673,0
move,0.12414938236325668,0.23375000000000057,-0.7499981,-0.5996094,0,true,,,,,1464575399706,33
serverInfo,,,,,,,,,107,20.0,1464575399706,0
jump,,,,,,,,,,,1464575399706,0
move,0.051160795817033033,0.15067500293255165,0.0,-0.14990234,0,false,,,,,1464575399756,50
serverInfo,,,,,,,,,107,20.0,1464575399756,0
move,0.06925554354577912,0.06926150422191313,0.14999962,0.44995117,0,false,,,,,1464575399806,50
serverInfo,,,,,,,,,107,20.0,1464575399806,0
animation,,,,,,,,,,,1464575399820,14
move,0.0988052421908705,-0.010523726067340533,4.05,-7.3498535,0,false,,,,,1464575399856,36
serverInfo,,,,,,,,,107,20.0,1464575399856,0
move,0.11381465929166268,-0.08871325327260138,7.499997,-36.150146,0,false,,,,,1464575399906,50
serverInfo,,,,,,,,,107,20.0,1464575399906,0
animation,,,,,,,,,,,1464575399928,22
attack,,,,,,,,,,,1464575399928,0
attackInfo,,,,,,,0.887207399651215,2.4513474014744974,,,1464575399928,0
serverInfo,,,,,,,,,107,19.91238550378335,1464575399928,0
move,0.0821143115029841,-0.16533899142509512,-0.44999886,-7.6499023,0,false,,,,,1464575399956,28
serverInfo,,,,,,,,,107,20.0,1464575399956,0
move,0.06661668193264347,-0.18911053638942832,-3.899992,-0.89941406,0,false,,,,,1464575400006,50
serverInfo,,,,,,,,,107,20.0,1464575400006,0
move,0.16547278862371684,0.0,-3.749998,0.9003906,0,true,,,,,1464575400056,50
serverInfo,,,,,,,,,107,20.0,1464575400056,0
animation,,,,,,,,,,,1464575400075,19
attack,,,,,,,,,,,1464575400075,0
attackInfo,,,,,,,0.9489146398351382,2.231834178922449,,,1464575400075,0
serverInfo,,,,,,,,,107,19.924287706714484,1464575400075,0
move,0.15965158716929295,0.0,-2.699996,2.0998535,0,true,,,,,1464575400106,31
serverInfo,,,,,,,,,107,20.0,1464575400106,0
move,0.15003468008003296,0.0,-5.3999996,-15.000488,0,true,,,,,1464575400156,50
serverInfo,,,,,,,,,110,20.0,1464575400156,0
animation,,,,,,,,,,,1464575400180,24
attack,,,,,,,,,,,1464575400180,0
attackInfo,,,,,,,0.9861689794523296,1.7485904705186284,,,1464575400180,0
serverInfo,,,,,,,,,110,19.904458598726116,1464575400180,0
move,0.11603816342667272,0.0,-1.6500003,-9.299805,0,true,,,,,1464575400206,26
serverInfo,,,,,,,,,110,20.0,1464575400206,0
move,0.9371724036931965,0.376375000000003,-0.1500001,-1.199707,0,true,,,,,1464575400256,50
serverInfo,,,,,,,,,110,20.0,1464575400256,0
jump,,,,,,,,,,,1464575400256,0
animation,,,,,,,,,,,1464575400305,49
move,0.49031122296332796,0.29044750565290656,0.75000024,-0.89941406,0,false,,,,,1464575400306,1
serverInfo,,,,,,,,,110,20.0,1464575400306,0
move,0.42967555221260767,0.20623855955381742,0.4500003,-0.14990234,0,false,,,,,1464575400306,0
serverInfo,,,,,,,,,110,20.0,1464575400306,0
move,0.3629655458556016,0.12371379077054456,0.4500003,-0.8996582,0,false,,,,,1464575400406,100
serverInfo,,,,,,,,,110,20.0,1464575400406,0
move,0.29367204534281655,0.04283951578890566,2.250001,-12.600098,0,false,,,,,1464575400456,50
serverInfo,,,,,,,,,110,20.0,1464575400456,0
animation,,,,,,,,,,,1464575400479,23
move,0.23063221732883932,-0.03641727523564953,0.4500003,-0.2998047,0,false,,,,,1464575400506,27
serverInfo,,,,,,,,,110,20.0,1464575400506,0
move,0.17318643350967022,-0.11408893195141445,0.4500003,9.150391,0,false,,,,,1464575400556,50
serverInfo,,,,,,,,,110,20.0,1464575400556,0
animation,,,,,,,,,,,1464575400576,20
move,0.12511878679960375,-0.190207157014342,-1.3500009,24.149414,0,false,,,,,1464575400606,30
serverInfo,,,,,,,,,110,20.0,1464575400606,0
move,0.07849227375004375,-0.26480301902784475,-0.7500005,5.999756,0,false,,,,,1464575400606,0
serverInfo,,,,,,,,,110,20.0,1464575400606,0
move,0.04064987302668044,-0.33790696522388686,-0.4500003,-0.2998047,0,false,,,,,1464575400706,100
serverInfo,,,,,,,,,110,20.0,1464575400706,0
animation,,,,,,,,,,,1464575400715,9
move,0.028753490770625945,-0.09619102331303964,-2.100001,1.4992676,0,false,,,,,1464575400756,41
serverInfo,,,,,,,,,110,20.0,1464575400756,0
move,-0.002336541069915654,0.0,-0.90000033,0.7495117,0,true,,,,,1464575400756,0
serverInfo,,,,,,,,,110,20.0,1464575400756,0
move,0.271159935474401,0.19187500000000313,-0.7499999,3.5993652,0,true,,,,,1464575400856,100
serverInfo,,,,,,,,,110,20.0,1464575400856,0
jump,,,,,,,,,,,1464575400856,0
animation,,,,,,,,,,,1464575400864,8
move,0.11215926283193767,0.10963750213384316,0.0,0.44970703,0,false,,,,,1464575400906,42
serverInfo,,,,,,,,,110,20.0,1464575400906,0
move,0.06617085298468339,0.02904475265646056,0.0,2520.0,0,false,,,,,1464575400906,0
serverInfo,,,,,,,,,110,20.0,1464575400906,0
animation,,,,,,,,,,,1464575400973,67
move,0.01055979324559786,-0.17727356634809155,0.0,0.0,0,false,,,,,1464575401056,83
serverInfo,,,,,,,,,110,20.0,1464575401056,0
animation,,,,,,,,,,,1464575401104,48
move,-0.002309825390199194,-0.1532836884422153,3.9000006,-2517.0005,0,false,,,,,1464575401106,2
serverInfo,,,,,,,,,110,20.0,1464575401106,0
move,-0.004796533045499984,0.0,0.4500003,1.1994629,0,true,,,,,1464575401106,0
serverInfo,,,,,,,,,110,20.0,1464575401106,0
move,-0.00531349922688662,0.0,0.0,2520.0,0,true,,,,,1464575401206,100
serverInfo,,,,,,,,,110,20.0,1464575401206,0
move,-0.011724483733857483,0.0,0.1500001,-2521.9495,0,true,,,,,1464575401256,50
serverInfo,,,,,,,,,110,20.0,1464575401256,0
animation,,,,,,,,,,,1464575401274,18
attack,,,,,,,,,,,1464575401275,1
attackInfo,,,,,,,0.9005725716799693,1.4873917533985146,,,1464575401275,0
serverInfo,,,,,,,,,110,19.924287706714484,1464575401275,0
move,-0.012664254136353748,0.0,0.0,2520.0,0,true,,,,,1464575401306,31
serverInfo,,,,,,,,,110,20.0,1464575401306,0
move,-0.0011117392590449526,0.0,0.1500001,-2515.35,0,true,,,,,1464575401356,50
serverInfo,,,,,,,,,110,20.0,1464575401356,0
animation,,,,,,,,,,,1464575401413,57
attack,,,,,,,,,,,1464575401414,1
attackInfo,,,,,,,0.5505308771526378,1.2517258459342993,,,1464575401414,0
serverInfo,,,,,,,,,110,19.968051118210862,1464575401414,0
move,0.05901431755599873,0.0,1.500001,17.400146,0,true,,,,,1464575401456,42
serverInfo,,,,,,,,,110,20.0,1464575401456,0
move,0.10174430253991318,0.0,0.6000004,3.4501953,0,true,,,,,1464575401456,0
serverInfo,,,,,,,,,110,20.0,1464575401456,0
animation,,,,,,,,,,,1464575401504,48
attack,,,,,,,,,,,1464575401504,0
attackInfo,,,,,,,0.81455827631337,1.4561997292169815,,,1464575401504,0
serverInfo,,,,,,,,,110,19.80982567353407,1464575401504,0
move,0.24216417691111758,0.2763750000000016,0.74999857,-1.4990234,0,true,,,,,1464575401506,2
serverInfo,,,,,,,,,110,20.0,1464575401506,0
jump,,,,,,,,,,,1464575401506,0
move,0.09869718834153929,0.19244750374555508,0.8999977,-0.44970703,0,false,,,,,1464575401506,0
serverInfo,,,,,,,,,110,20.0,1464575401506,0
move,0.06240490069595239,0.11019855581540838,5.1000004,-17.550049,0,false,,,,,1464575401606,100
serverInfo,,,,,,,,,110,20.0,1464575401606,0
move,0.03820965903452844,0.029594585275091845,4.199995,-17.849365,0,false,,,,,1464575401656,50
serverInfo,,,,,,,,,110,20.0,1464575401656,0
animation,,,,,,,,,,,1464575401677,21
move,0.01321127289289592,-0.04939730739181414,0.0,5.5495605,0,false,,,,,1464575401706,29
serverInfo,,,,,,,,,110,20.0,1464575401706,0
move,-0.0159576628705409,-0.12680936371203444,-1.7999954,13.650391,0,false,,,,,1464575401756,50
serverInfo,,,,,,,,,110,20.0,1464575401756,0
animation,,,,,,,,,,,1464575401778,22
move,-0.045899836889837786,-0.20267318038236937,-0.7499981,24.900146,0,false,,,,,1464575401806,28
serverInfo,,,,,,,,,110,20.0,1464575401806,0
move,-0.06981333709641291,-0.22973579334983896,-1.3499975,9.449707,0,false,,,,,1464575401856,50
serverInfo,,,,,,,,,110,20.0,1464575401856,0
move,0.019665847795238278,0.0,-1.949996,1.3496094,0,true,,,,,1464575401856,0
serverInfo,,,,,,,,,110,20.0,1464575401856,0
animation,,,,,,,,,,,1464575401906,50
attack,,,,,,,,,,,1464575401906,0
attackInfo,,,,,,,0.9141226353797648,2.9535616532481312,,,1464575401906,0
serverInfo,,,,,,,,,110,19.801980198019802,1464575401906,0
move,0.37073796830176775,0.4661249999999981,-4.199998,11.4001465,0,true,,,,,1464575401906,0
serverInfo,,,,,,,,,110,20.0,1464575401906,0
jump,,,,,,,,,,,1464575401906,0
move,0.1658580639094609,0.378402507364747,-2.250001,-0.5996094,0,false,,,,,1464575401956,50
serverInfo,,,,,,,,,110,20.0,1464575401956,0
move,0.11463383038692143,0.2924344629090285,-0.4500003,3.1499023,0,false,,,,,1464575402056,100
serverInfo,,,,,,,,,110,20.0,1464575402056,0
animation,,,,,,,,,,,1464575402065,9
move,0.06837694340198652,0.20818577770270963,0.0,2.9995117,0,false,,,,,1464575402106,41
serverInfo,,,,,,,,,110,20.0,1464575402106,0
move,0.026283175032553174,0.1256220645936139,0.0,2520.0,0,false,,,,,1464575402156,50
serverInfo,,,,,,,,,110,20.0,1464575402156,0
animation,,,,,,,,,,,1464575402176,20
move,-0.01187390456617976,0.04470962417191515,0.1500001,-2518.9507,0,false,,,,,1464575402206,30
serverInfo,,,,,,,,,112,20.0,1464575402206,0
move,-0.046596848001748015,-0.03458456898464135,0.0,2520.0,0,false,,,,,1464575402256,50
serverInfo,,,,,,,,,112,20.0,1464575402256,0
move,-0.07836296527392506,-0.11229287979047342,0.0,-2521.1992,0,false,,,,,1464575402306,50
serverInfo,,,,,,,,,112,20.0,1464575402306,0
animation,,,,,,,,,,,1464575402323,17
move,-0.06606838855376651,-0.1884470258623594,-0.4500003,0.2998047,0,false,,,,,1464575402356,33
serverInfo,,,,,,,,,112,20.0,1464575402356,0
move,-0.03062350592747265,-0.2630780904653349,-2.8500013,-2.399414,0,false,,,,,1464575402406,50
serverInfo,,,,,,,,,112,20.0,1464575402406,0
move,0.002472254956018105,-0.3362165351997177,-0.6000004,2.3996582,0,false,,,,,1464575402456,50
serverInfo,,,,,,,,,112,20.0,1464575402456,0
animation,,,,,,,,,,,1464575402477,21
move,0.033704256076696026,-0.40789221243442597,0.0,3.4499512,0,false,,,,,1464575402506,29
serverInfo,,,,,,,,,112,20.0,1464575402506,0
move,0.062125377915613456,-0.17296812400505956,0.0,2520.0,0,false,,,,,1464575402556,50
serverInfo,,,,,,,,,112,20.0,1464575402556,0
animation,,,,,,,,,,,1464575402582,26
move,0.21691974145850423,0.0,-0.1500001,-2517.901,0,true,,,,,1464575402606,24
serverInfo,,,,,,,,,112,20.0,1464575402606,0
move,0.2773669271363204,0.0,0.0,0.2998047,0,true,,,,,1464575402656,50
serverInfo,,,,,,,,,112,20.0,1464575402656,0
move,0.3122508336323122,0.0,0.0,2520.0,0,true,,,,,1464575402656,0
serverInfo,,,,,,,,,112,20.0,1464575402656,0
animation,,,,,,,,,,,1464575402727,71
attack,,,,,,,,,,,1464575402728,1
attackInfo,,,,,,,0.9742679142035947,1.9758659840126913,,,1464575402728,0
serverInfo,,,,,,,,,112,19.91238550378335,1464575402728,0
move,0.26597638220630415,0.0,0.0,-2517.901,0,true,,,,,1464575402756,28
serverInfo,,,,,,,,,112,20.0,1464575402756,0
move,0.20899814313553122,0.0,0.6000004,0.0,0,true,,,,,1464575402806,50
serverInfo,,,,,,,,,112,20.0,1464575402806,0
move,0.19338661443895688,0.0,2.8500013,5.250244,0,true,,,,,1464575402856,50
serverInfo,,,,,,,,,112,20.0,1464575402856,0
animation,,,,,,,,,,,1464575402878,22
attack,,,,,,,,,,,1464575402878,0
attackInfo,,,,,,,0.7119635056970278,0.9732205024405698,,,1464575402878,0
serverInfo,,,,,,,,,112,19.91238550378335,1464575402878,0
move,0.15788520324213806,0.0,1.650001,5.399658,0,true,,,,,1464575402906,28
serverInfo,,,,,,,,,112,20.0,1464575402906,0
move,0.18402673800327563,0.0,1.7999997,1.1999512,0,true,,,,,1464575402956,50
serverInfo,,,,,,,,,112,20.0,1464575402956,0
animation,,,,,,,,,,,1464575402979,23
attack,,,,,,,,,,,1464575402979,0
attackInfo,,,,,,,0.5651990540592741,1.229287767740619,,,1464575402979,0
serverInfo,,,,,,,,,112,19.908421262193908,1464575402979,0
move,0.18483182041391188,0.0,3.5999956,10.5,0,true,,,,,1464575403006,27
serverInfo,,,,,,,,,112,20.0,1464575403006,0
move,0.2293130725192256,0.0,0.29999924,1.6499023,0,true,,,,,1464575403056,50
serverInfo,,,,,,,,,112,20.0,1464575403056,0
move,0.282286012249898,0.0,3.749998,14.399414,0,true,,,,,1464575403106,50
serverInfo,,,,,,,,,112,20.0,1464575403106,0
animation,,,,,,,,,,,1464575403122,16
move,0.3338867442285789,0.0,-2.0999947,19.199463,0,true,,,,,1464575403156,34
serverInfo,,,,,,,,,112,20.0,1464575403156,0
move,0.36215995909264365,0.0,-0.5999985,0.14990234,0,true,,,,,1464575403156,0
serverInfo,,,,,,,,,112,20.0,1464575403156,0
move,0.3799686709066492,0.0,-1.4999971,4.3498535,0,true,,,,,1464575403256,100
serverInfo,,,,,,,,,112,20.0,1464575403256,0
animation,,,,,,,,,,,1464575403282,26
move,0.38488398159713455,0.0,-0.8999977,22.79956,0,true,,,,,1464575403306,24
serverInfo,,,,,,,,,112,20.0,1464575403306,0
move,0.3758194239167594,0.0,-2.3999949,10.5,0,true,,,,,1464575403306,0
serverInfo,,,,,,,,,112,20.0,1464575403306,0
animation,,,,,,,,,,,1464575403369,63
attack,,,,,,,,,,,1464575403369,0
attackInfo,,,,,,,0.823288489455352,1.4373043071248177,,,1464575403369,0
serverInfo,,,,,,,,,112,19.948134849391582,1464575403369,0
move,0.04449304965138623,0.2763750000000016,0.45000076,31.199707,0,true,,,,,1464575403406,37
serverInfo,,,,,,,,,112,20.0,1464575403406,0
jump,,,,,,,,,,,1464575403406,0
move,0.05088518317327129,0.19244750374555508,-3.3000002,4.500244,0,false,,,,,1464575403456,50
serverInfo,,,,,,,,,112,20.0,1464575403456,0
animation,,,,,,,,,,,1464575403474,18
attack,,,,,,,,,,,1464575403474,0
attackInfo,,,,,,,0.9851904740564426,1.7358488510338401,,,1464575403474,0
serverInfo,,,,,,,,,112,19.928258270227182,1464575403474,0
move,0.07301719149799624,0.11019855581540838,-0.7500005,-0.8996582,0,false,,,,,1464575403506,32
serverInfo,,,,,,,,,112,20.0,1464575403506,0
move,0.09234211065263054,0.029594585275091845,2.5500007,5.399658,0,false,,,,,1464575403556,50
serverInfo,,,,,,,,,112,20.0,1464575403556,0
animation,,,,,,,,,,,1464575403577,21
attack,,,,,,,,,,,1464575403577,0
attackInfo,,,,,,,0.9734604242345758,1.833840620270955,,,1464575403577,0
serverInfo,,,,,,,,,112,19.916351324437365,1464575403577,0
move,0.10851815171105983,-0.04939730739181414,2.0999956,7.0498047,0,false,,,,,1464575403606,29
serverInfo,,,,,,,,,112,20.0,1464575403606,0
move,0.12313547840084027,-0.12680936371203444,1.949996,0.44995117,0,false,,,,,1464575403656,50
serverInfo,,,,,,,,,112,20.0,1464575403656,0
animation,,,,,,,,,,,1464575403678,22
move,0.11660268945505692,-0.20267318038236937,4.7999973,7.3498535,0,false,,,,,1464575403706,28
serverInfo,,,,,,,,,112,20.0,1464575403706,0
move,0.11889982236644414,-0.22973579334983896,-0.29999924,-11.100098,0,false,,,,,1464575403756,50
serverInfo,,,,,,,,,112,20.0,1464575403756,0
move,0.19495730977183712,0.0,-0.14999962,-7.7995605,0,true,,,,,1464575403806,50
serverInfo,,,,,,,,,112,20.0,1464575403806,0
animation,,,,,,,,,,,1464575403818,12
move,0.27094938896660636,0.0,-2.0999975,3.449463,0,true,,,,,1464575403856,38
serverInfo,,,,,,,,,112,20.0,1464575403856,0
move,0.2953498079776793,0.2763750000000016,-2.699994,4.7990723,0,true,,,,,1464575403906,50
serverInfo,,,,,,,,,112,20.0,1464575403906,0
jump,,,,,,,,,,,1464575403906,0
animation,,,,,,,,,,,1464575403926,20
move,0.169162411420416,0.19244750374555508,-1.199997,7.5,0,false,,,,,1464575403956,30
serverInfo,,,,,,,,,112,20.0,1464575403956,0
move,0.15419866228219092,0.11019855581540838,0.0,12.000244,0,false,,,,,1464575404006,50
serverInfo,,,,,,,,,112,20.0,1464575404006,0
animation,,,,,,,,,,,1464575404015,9
attack,,,,,,,,,,,1464575404015,0
attackInfo,,,,,,,0.9989561336896552,3.251058058398718,,,1464575404015,0
serverInfo,,,,,,,,,112,19.964064683569575,1464575404015,0
move,0.0819553309001364,0.029594585275091845,-1.1999979,3.89917,0,false,,,,,1464575404056,41
serverInfo,,,,,,,,,112,20.0,1464575404056,0
move,0.07128415891085638,-0.04939730739181414,-0.29999924,1.6499023,0,false,,,,,1464575404106,50
serverInfo,,,,,,,,,112,20.0,1464575404106,0
move,0.08345593475191748,-0.12680936371203444,-1.5000005,-0.8996582,0,false,,,,,1464575404106,0
serverInfo,,,,,,,,,112,20.0,1464575404106,0
animation,,,,,,,,,,,1464575404172,66
attack,,,,,,,,,,,1464575404172,0
attackInfo,,,,,,,0.9963423587373533,2.926138276351479,,,1464575404172,0
serverInfo,,,,,,,,,112,19.93620414673046,1464575404172,0
move,0.08220540646644281,-0.20267318038236937,-0.3000002,0.5998535,0,false,,,,,1464575404206,34
serverInfo,,,,,,,,,106,20.0,1464575404206,0
move,0.11145329561035311,-0.22973579334983896,-0.7500005,-0.14990234,0,false,,,,,1464575404256,50
serverInfo,,,,,,,,,106,20.0,1464575404256,0
move,0.28430008722025946,0.0,-0.3000002,1.1999512,0,true,,,,,1464575404306,50
serverInfo,,,,,,,,,106,20.0,1464575404306,0
animation,,,,,,,,,,,1464575404325,19
attack,,,,,,,,,,,1464575404325,0
attackInfo,,,,,,,0.9495921511330944,4.220833145598061,,,1464575404325,0
serverInfo,,,,,,,,,106,19.924287706714484,1464575404325,0
move,0.19352130308815418,0.0,-0.6000004,5.249756,0,true,,,,,1464575404356,31
serverInfo,,,,,,,,,106,20.0,1464575404356,0
move,0.28595367058980514,0.0,-0.6000004,0.14990234,0,true,,,,,1464575404356,0
serverInfo,,,,,,,,,106,20.0,1464575404356,0
animation,,,,,,,,,,,1464575404419,63
attack,,,,,,,,,,,1464575404420,1
attackInfo,,,,,,,0.9414444404145844,4.451048614151455,,,1464575404420,0
serverInfo,,,,,,,,,106,19.94415636218588,1464575404420,0
move,0.2723039127067679,0.0,-0.3000002,2.399414,0,true,,,,,1464575404456,36
serverInfo,,,,,,,,,106,20.0,1464575404456,0
move,0.3280701423946937,0.0,-0.7500005,-1.0493164,0,true,,,,,1464575404506,50
serverInfo,,,,,,,,,106,20.0,1464575404506,0
move,0.35941734538416625,0.0,-0.45000005,-1.3500977,0,true,,,,,1464575404556,50
serverInfo,,,,,,,,,106,20.0,1464575404556,0
animation,,,,,,,,,,,1464575404587,31
attack,,,,,,,,,,,1464575404587,0
attackInfo,,,,,,,0.9738619198936257,4.3735188030681025,,,1464575404587,0
serverInfo,,,,,,,,,106,19.876764062810576,1464575404587,0
move,0.29744804382493584,0.0,-0.3000002,0.89941406,0,true,,,,,1464575404606,19
serverInfo,,,,,,,,,106,20.0,1464575404606,0
move,0.3412590748179056,0.0,-0.6000004,1.199707,0,true,,,,,1464575404656,50
serverInfo,,,,,,,,,106,20.0,1464575404656,0
animation,,,,,,,,,,,1464575404660,4
attack,,,,,,,,,,,1464575404660,0
attackInfo,,,,,,,0.9965287843711327,4.167530727527576,,,1464575404660,0
serverInfo,,,,,,,,,106,19.984012789768187,1464575404660,0
move,0.24108832206814412,0.0,-0.60000026,10.499756,0,true,,,,,1464575404706,46
serverInfo,,,,,,,,,106,20.0,1464575404706,0
move,0.28807066011598437,0.0,0.75000036,7.7995605,0,true,,,,,1464575404756,50
serverInfo,,,,,,,,,106,20.0,1464575404756,0
move,0.31372301966969474,0.0,0.0,2160.0,0,true,,,,,1464575404806,50
serverInfo,,,,,,,,,106,20.0,1464575404806,0
animation,,,,,,,,,,,1464575404819,13
move,0.3269651302209198,0.0,-0.3000002,-2159.5503,0,true,,,,,1464575404856,37
serverInfo,,,,,,,,,106,20.0,1464575404856,0
move,0.30858365087125605,0.0,-3.3,-7.3496094,0,true,,,,,1464575404906,50
serverInfo,,,,,,,,,106,20.0,1464575404906,0
animation,,,,,,,,,,,1464575404927,21
attack,,,,,,,,,,,1464575404927,0
attackInfo,,,,,,,0.9953175675394137,3.893801084943612,,,1464575404927,0
serverInfo,,,,,,,,,106,19.916351324437365,1464575404927,0
move,0.2707149250452048,0.0,-0.59999996,-2.100586,0,true,,,,,1464575404956,29
serverInfo,,,,,,,,,106,20.0,1464575404956,0
move,0.3170570137502011,0.0,0.0,0.2998047,0,true,,,,,1464575405006,50
serverInfo,,,,,,,,,106,20.0,1464575405006,0
move,0.3063288228829961,0.0,-0.14999998,5.9995117,0,true,,,,,1464575405056,50
serverInfo,,,,,,,,,106,20.0,1464575405056,0
animation,,,,,,,,,,,1464575405105,49
move,0.3079071292169857,0.0,0.29999995,11.100342,0,true,,,,,1464575405106,1
serverInfo,,,,,,,,,106,20.0,1464575405106,0
move,0.31389479461915926,0.0,-0.9000001,-2.5493164,0,true,,,,,1464575405156,50
serverInfo,,,,,,,,,106,20.0,1464575405156,0
animation,,,,,,,,,,,1464575405170,14
attack,,,,,,,,,,,1464575405170,0
attackInfo,,,,,,,0.9987971558516161,2.698600164057228,,,1464575405170,0
serverInfo,,,,,,,,,106,19.94415636218588,1464575405170,0
move,0.24623644163247604,0.0,-0.1500001,1.1999512,0,true,,,,,1464575405206,36
serverInfo,,,,,,,,,106,20.0,1464575405206,0
move,0.2793374216085027,0.0,-0.1500001,-0.74975586,0,true,,,,,1464575405256,50
serverInfo,,,,,,,,,106,20.0,1464575405256,0
move,0.2991718983795124,0.0,-0.3000002,-0.8996582,0,true,,,,,1464575405306,50
serverInfo,,,,,,,,,106,20.0,1464575405306,0
animation,,,,,,,,,,,1464575405330,24
attack,,,,,,,,,,,1464575405330,0
attackInfo,,,,,,,0.935973592165826,2.0664228328745295,,,1464575405330,0
serverInfo,,,,,,,,,106,19.904458598726116,1464575405330,0
move,0.2359953331426965,0.0,0.0,2.5495605,0,true,,,,,1464575405356,26
serverInfo,,,,,,,,,106,20.0,1464575405356,0
animation,,,,,,,,,,,1464575405400,44
attack,,,,,,,,,,,1464575405400,0
attackInfo,,,,,,,0.9532415642320893,2.8053170193997135,,,1464575405400,0
serverInfo,,,,,,,,,106,19.825535289452816,1464575405400,0
move,0.26950503935827896,0.0,0.1500001,0.44970703,0,true,,,,,1464575405406,6
serverInfo,,,,,,,,,106,20.0,1464575405406,0
move,0.20125978118804966,0.0,1.8000002,12.000244,0,true,,,,,1464575405406,0
serverInfo,,,,,,,,,106,20.0,1464575405406,0
move,0.2442841571858949,0.0,0.29999995,3.5996094,0,true,,,,,1464575405506,100
serverInfo,,,,,,,,,106,20.0,1464575405506,0
move,0.288817691385745,0.2763750000000016,0.3,0.5998535,0,true,,,,,1464575405556,50
serverInfo,,,,,,,,,106,20.0,1464575405556,0
jump,,,,,,,,,,,1464575405556,0
animation,,,,,,,,,,,1464575405570,14
attack,,,,,,,,,,,1464575405570,0
attackInfo,,,,,,,0.9819949158848734,4.195877983383786,,,1464575405570,0
serverInfo,,,,,,,,,106,19.94415636218588,1464575405570,0
move,0.08020050700699954,0.19244750374555508,0.0,10.199951,0,false,,,,,1464575405606,36
serverInfo,,,,,,,,,106,20.0,1464575405606,0
move,0.10651175440914074,0.11019855581540838,0.45,0.0,0,false,,,,,1464575405606,0
serverInfo,,,,,,,,,106,20.0,1464575405606,0
animation,,,,,,,,,,,1464575405676,70
move,0.11955121081786757,0.029594585275091845,1.6499999,13.800049,0,false,,,,,1464575405706,30
serverInfo,,,,,,,,,106,20.0,1464575405706,0
move,0.11128585633514376,-0.04939730739181414,0.75,4.6501465,0,false,,,,,1464575405756,50
serverInfo,,,,,,,,,106,20.0,1464575405756,0
move,0.10489873629762059,-0.12680936371203444,0.4500003,-0.5996094,0,false,,,,,1464575405806,50
serverInfo,,,,,,,,,106,20.0,1464575405806,0
animation,,,,,,,,,,,1464575405814,8
move,0.12253457828068548,-0.20267318038236937,0.0,1.949707,0,false,,,,,1464575405856,42
serverInfo,,,,,,,,,106,20.0,1464575405856,0
move,0.11583894481323398,-0.22973579334983896,-0.7500005,-5.099365,0,false,,,,,1464575405906,50
serverInfo,,,,,,,,,106,20.0,1464575405906,0
move,0.13357453641067707,0.0,0.1500001,-2.4414062E-4,0,true,,,,,1464575405956,50
serverInfo,,,,,,,,,106,20.0,1464575405956,0
animation,,,,,,,,,,,1464575405976,20
move,0.18911095739481,0.0,-1.0500001,-3.1496582,0,true,,,,,1464575406006,30
serverInfo,,,,,,,,,106,20.0,1464575406006,0
move,0.2265311692680143,0.0,-1.05,-5.8496094,0,true,,,,,1464575406056,50
serverInfo,,,,,,,,,106,20.0,1464575406056,0
animation,,,,,,,,,,,1464575406080,24
move,0.1739255510715907,0.0,0.0,1.949707,0,true,,,,,1464575406106,26
serverInfo,,,,,,,,,106,20.0,1464575406106,0
animation,,,,,,,,,,,1464575406152,46
move,0.00805767014263381,0.0,0.15,-0.2998047,0,true,,,,,1464575406156,4
serverInfo,,,,,,,,,106,20.0,1464575406156,0
move,-0.09024857104864736,0.0,0.29999998,2.8500977,0,true,,,,,1464575406156,0
serverInfo,,,,,,,,,106,20.0,1464575406156,0
move,-0.14473085421560938,0.0,0.29999995,0.30004883,0,true,,,,,1464575406256,100
serverInfo,,,,,,,,,106,20.0,1464575406256,0
move,-0.17002935692389798,0.0,0.44999993,-1.6491699,0,true,,,,,1464575406306,50
serverInfo,,,,,,,,,106,20.0,1464575406306,0
animation,,,,,,,,,,,1464575406313,7
move,-0.18384234100703623,0.0,0.14999998,0.0,0,true,,,,,1464575406356,43
serverInfo,,,,,,,,,106,20.0,1464575406356,0
move,-0.23266156605239985,0.0,0.0,-0.44970703,0,true,,,,,1464575406406,50
serverInfo,,,,,,,,,106,20.0,1464575406406,0
animation,,,,,,,,,,,1464575406414,8
attack,,,,,,,,,,,1464575406414,0
attackInfo,,,,,,,0.9808171089205077,1.0151553864139333,,,1464575406414,0
serverInfo,,,,,,,,,106,19.968051118210862,1464575406414,0
move,-0.1315245545815955,0.0,0.75000024,-2.399414,0,true,,,,,1464575406456,42
serverInfo,,,,,,,,,106,20.0,1464575406456,0
move,-0.22734941965969568,0.0,0.1500001,-0.44970703,0,true,,,,,1464575406506,50
serverInfo,,,,,,,,,106,20.0,1464575406506,0
animation,,,,,,,,,,,1464575406519,13
attack,,,,,,,,,,,1464575406519,0
attackInfo,,,,,,,0.6858269609204537,0.4308863891591464,,,1464575406519,0
serverInfo,,,,,,,,,106,19.948134849391582,1464575406519,0
move,0.5564955230236066,0.376375000000003,0.3000002,-0.44995117,0,true,,,,,1464575406556,37
serverInfo,,,,,,,,,106,20.0,1464575406556,0
jump,,,,,,,,,,,1464575406556,0
move,0.29150910367250304,0.29044750565290656,0.9000006,-1.1992188,0,false,,,,,1464575406606,50
serverInfo,,,,,,,,,106,20.0,1464575406606,0
animation,,,,,,,,,,,1464575406660,54
move,0.2780352769389083,0.20623855955381742,3.3000019,-4.6499023,0,false,,,,,1464575406706,46
serverInfo,,,,,,,,,106,20.0,1464575406706,0
move,0.25614653876097293,0.12371379077054456,4.1999974,-14.250244,0,false,,,,,1464575406706,0
serverInfo,,,,,,,,,106,20.0,1464575406706,0
move,0.2330402073421851,0.04283951578890566,2.5499964,-6.5998535,0,false,,,,,1464575406706,0
serverInfo,,,,,,,,,106,20.0,1464575406706,0
animation,,,,,,,,,,,1464575406767,61
move,0.1920819397108815,-0.03641727523564953,0.0,0.14990234,0,false,,,,,1464575406806,39
serverInfo,,,,,,,,,106,20.0,1464575406806,0
move,0.14888196401709308,-0.11408893195141445,0.8999977,0.14990234,0,false,,,,,1464575406856,50
serverInfo,,,,,,,,,106,20.0,1464575406856,0
animation,,,,,,,,,,,1464575406886,30
attack,,,,,,,,,,,1464575406886,0
attackInfo,,,,,,,0.8726550402963333,3.5011059857051916,,,1464575406886,0
serverInfo,,,,,,,,,106,19.880715705765407,1464575406886,0
move,0.06160899878621251,-0.190207157014342,-0.5999994,12.449951,0,false,,,,,1464575406906,20
serverInfo,,,,,,,,,106,20.0,1464575406906,0
move,0.03770180715302729,-0.26480301902784475,-0.7499981,2.4001465,0,false,,,,,1464575406956,50
serverInfo,,,,,,,,,106,20.0,1464575406956,0
move,0.04228802173959423,-0.33790696522388686,-1.0499983,-2.2495117,0,false,,,,,1464575407006,50
serverInfo,,,,,,,,,106,20.0,1464575407006,0
animation,,,,,,,,,,,1464575407018,12
attack,,,,,,,,,,,1464575407018,0
attackInfo,,,,,,,0.9485145059436909,4.008230673969972,,,1464575407018,0
serverInfo,,,,,,,,,106,19.952114924181966,1464575407018,0
move,0.045394889268287386,-0.09619102331303964,-2.0999975,1.6499023,0,false,,,,,1464575407056,38
serverInfo,,,,,,,,,106,20.0,1464575407056,0
move,0.31766215565800593,0.2763750000000016,-6.1500006,-8.549561,0,true,,,,,1464575407106,50
serverInfo,,,,,,,,,106,20.0,1464575407106,0
jump,,,,,,,,,,,1464575407106,0
animation,,,,,,,,,,,1464575407148,42
move,0.15115675181093735,0.19244750374555508,-0.4500003,1.7998047,0,false,,,,,1464575407156,8
serverInfo,,,,,,,,,106,20.0,1464575407156,0
move,0.11473406691106192,0.11019855581540838,-2.2500005,-1.0498047,0,false,,,,,1464575407156,0
serverInfo,,,,,,,,,106,20.0,1464575407156,0
move,0.08158942269695046,0.029594585275091845,-1.8,2.4414062E-4,0,false,,,,,1464575407256,100
serverInfo,,,,,,,,,106,20.0,1464575407256,0
animation,,,,,,,,,,,1464575407266,10
move,0.05448548686148058,-0.04939730739181414,-0.15,5.8498535,0,false,,,,,1464575407306,40
serverInfo,,,,,,,,,106,20.0,1464575407306,0
move,0.0331270837208848,-0.12680936371203444,0.0,-0.14990234,0,false,,,,,1464575407356,50
serverInfo,,,,,,,,,106,20.0,1464575407356,0
move,0.01038475712228859,-0.20267318038236937,0.15,0.14990234,0,false,,,,,1464575407406,50
serverInfo,,,,,,,,,106,20.0,1464575407406,0
move,-0.025829669999119176,-0.22973579334983896,0.0,-0.74975586,0,false,,,,,1464575407456,50
serverInfo,,,,,,,,,106,20.0,1464575407456,0
animation,,,,,,,,,,,1464575407459,3
move,-0.133654524920523,0.0,0.0,0.44970703,0,true,,,,,1464575407506,47
serverInfo,,,,,,,,,106,20.0,1464575407506,0
move,-0.11010488555165665,0.0,0.15,-0.2998047,0,true,,,,,1464575407506,0
serverInfo,,,,,,,,,106,20.0,1464575407506,0
animation,,,,,,,,,,,1464575407566,60
move,-0.214117146999655,0.0,0.0,2160.0,0,true,,,,,1464575407606,40
serverInfo,,,,,,,,,106,20.0,1464575407606,0
move,-0.2512986302783631,0.0,0.75,-2164.1992,0,true,,,,,1464575407656,50
serverInfo,,,,,,,,,106,20.0,1464575407656,0
move,-0.2560365648377001,0.0,2.1,-1.6496582,0,true,,,,,1464575407706,50
serverInfo,,,,,,,,,106,20.0,1464575407706,0
move,-0.2572433270879557,0.0,0.0,-0.7495117,0,true,,,,,1464575407756,50
serverInfo,,,,,,,,,106,20.0,1464575407756,0
animation,,,,,,,,,,,1464575407771,15
move,-0.25826796462934,0.0,0.4500003,-0.14990234,0,true,,,,,1464575407806,35
serverInfo,,,,,,,,,106,20.0,1464575407806,0
move,-0.2592058727586206,0.0,1.2000005,-0.14990234,0,true,,,,,1464575407856,50
serverInfo,,,,,,,,,106,20.0,1464575407856,0
move,-0.26227670864993513,0.0,0.3000002,-1.0493164,0,true,,,,,1464575407906,50
serverInfo,,,,,,,,,106,20.0,1464575407906,0
animation,,,,,,,,,,,1464575407913,7
move,-0.1741897509320225,0.0,0.0,-1.6496582,0,true,,,,,1464575407956,43
serverInfo,,,,,,,,,106,20.0,1464575407956,0
move,-0.06287665671332832,0.0,0.6000004,-12.600098,0,true,,,,,1464575408006,50
serverInfo,,,,,,,,,106,20.0,1464575408006,0
move,0.014887452187110739,0.0,1.9500012,-5.5490723,0,true,,,,,1464575408056,50
serverInfo,,,,,,,,,106,20.0,1464575408056,0
animation,,,,,,,,,,,1464575408083,27
attack,,,,,,,,,,,1464575408083,0
attackInfo,,,,,,,0.967930338650411,1.674398952864271,,,1464575408083,0
serverInfo,,,,,,,,,106,19.89258006763477,1464575408083,0
move,-0.08212987486466972,0.0,1.6499996,-0.89941406,0,true,,,,,1464575408107,24
serverInfo,,,,,,,,,106,19.99600079984003,1464575408107,0
move,-0.12019868508846088,0.0,2.3999949,-4.0493164,0,true,,,,,1464575408107,0
serverInfo,,,,,,,,,106,19.99600079984003,1464575408107,0
move,-0.13569073958013433,0.0,0.7499981,-1.7990723,0,true,,,,,1464575408156,49
serverInfo,,,,,,,,,106,20.0,1464575408156,0
animation,,,,,,,,,,,1464575408213,57
attack,,,,,,,,,,,1464575408213,0
attackInfo,,,,,,,0.6595108505283526,1.0898704107058503,,,1464575408213,0
serverInfo,,,,,,,,,106,19.972039145196725,1464575408213,0
move,-0.09866320761123859,0.0,2.0999956,-5.249756,0,true,,,,,1464575408256,43
serverInfo,,,,,,,,,106,20.0,1464575408256,0
move,0.2145302478075024,0.2763750000000016,0.0,-10.800293,0,true,,,,,1464575408306,50
serverInfo,,,,,,,,,106,20.0,1464575408306,0
jump,,,,,,,,,,,1464575408306,0
animation,,,,,,,,,,,1464575408321,15
attack,,,,,,,,,,,1464575408321,0
attackInfo,,,,,,,0.8711616389225637,1.6784429485660655,,,1464575408321,0
serverInfo,,,,,,,,,108,19.940179461615156,1464575408321,0
move,0.0803874889216516,0.19244750374555508,-1.6499958,-8.399902,0,false,,,,,1464575408356,35
serverInfo,,,,,,,,,108,20.0,1464575408356,0
move,0.06379514880188708,0.11019855581540838,-4.499998,-27.899902,0,false,,,,,1464575408356,0
serverInfo,,,,,,,,,108,20.0,1464575408356,0
animation,,,,,,,,,,,1464575408408,52
move,0.05578832552417623,-0.019802722116722293,0.0,3.3000488,0,false,,,,,1464575408506,98
serverInfo,,,,,,,,,108,20.0,1464575408506,0
move,-0.0034076011226673586,-0.12680936371203444,0.3000002,-2.848877,0,false,,,,,1464575408556,50
serverInfo,,,,,,,,,108,20.0,1464575408556,0
animation,,,,,,,,,,,1464575408570,14
attack,,,,,,,,,,,1464575408570,0
attackInfo,,,,,,,0.8108349701607174,3.222918408761294,,,1464575408570,0
serverInfo,,,,,,,,,108,19.94415636218588,1464575408570,0
move,0.00565824784627722,-0.20267318038236937,9.5999975,17.699707,0,false,,,,,1464575408606,36
serverInfo,,,,,,,,,108,20.0,1464575408606,0
move,0.008289686180425804,-0.22973579334983896,4.949997,6.9001465,0,false,,,,,1464575408606,0
serverInfo,,,,,,,,,108,20.0,1464575408606,0
move,0.1562081636347017,0.0,-3.899994,-5.699463,0,true,,,,,1464575408706,100
serverInfo,,,,,,,,,108,20.0,1464575408706,0
animation,,,,,,,,,,,1464575408719,13
attack,,,,,,,,,,,1464575408719,0
attackInfo,,,,,,,0.9010605276943056,3.175539434128128,,,1464575408719,0
serverInfo,,,,,,,,,108,19.948134849391582,1464575408719,0
move,0.19987316373308772,0.0,-2.8499928,1.7988281,0,true,,,,,1464575408756,37
serverInfo,,,,,,,,,108,20.0,1464575408756,0
move,0.26365062350077295,0.0,-4.3499975,-5.2495117,0,true,,,,,1464575408806,50
serverInfo,,,,,,,,,108,20.0,1464575408806,0
animation,,,,,,,,,,,1464575408831,25
move,0.29966808567298386,0.0,-0.14999962,-0.74975586,0,true,,,,,1464575408856,25
serverInfo,,,,,,,,,108,20.0,1464575408856,0
move,0.3195677120949938,0.0,0.0,-0.14990234,0,true,,,,,1464575408856,0
serverInfo,,,,,,,,,108,20.0,1464575408856,0
animation,,,,,,,,,,,1464575408911,55
attack,,,,,,,,,,,1464575408911,0
attackInfo,,,,,,,0.8456580204471676,3.285694605908644,,,1464575408911,0
serverInfo,,,,,,,,,108,19.980019980019982,1464575408911,0
move,0.2362456603893932,0.0,0.29999924,13.050293,0,true,,,,,1464575408956,45
serverInfo,,,,,,,,,108,20.0,1464575408956,0
move,0.2539239876590784,0.0,-0.8999977,2.9995117,0,true,,,,,1464575409006,50
serverInfo,,,,,,,,,108,20.0,1464575409006,0
move,0.25837819528307193,0.0,-1.7999973,2.2492676,0,true,,,,,1464575409056,50
serverInfo,,,,,,,,,108,20.0,1464575409056,0
animation,,,,,,,,,,,1464575409087,31
attack,,,,,,,,,,,1464575409087,0
attackInfo,,,,,,,0.972301125135275,2.8681671221592717,,,1464575409087,0
serverInfo,,,,,,,,,108,19.876764062810576,1464575409087,0
move,0.1987223262235247,0.0,-1.349999,2.5495605,0,true,,,,,1464575409106,19
serverInfo,,,,,,,,,108,20.0,1464575409106,0
move,0.2239592352937052,0.0,-0.9000006,-0.7495117,0,true,,,,,1464575409156,50
serverInfo,,,,,,,,,108,20.0,1464575409156,0
animation,,,,,,,,,,,1464575409161,5
attack,,,,,,,,,,,1464575409161,0
attackInfo,,,,,,,0.9808644736930247,2.416548282800227,,,1464575409161,0
serverInfo,,,,,,,,,108,19.980019980019982,1464575409161,0
move,0.25232298473981274,0.0,0.1500001,8.100098,0,true,,,,,1464575409206,45
serverInfo,,,,,,,,,108,20.0,1464575409206,0
move,0.3133009003886045,0.0,1.0500002,4.0495605,0,true,,,,,1464575409256,50
serverInfo,,,,,,,,,108,20.0,1464575409256,0
animation,,,,,,,,,,,1464575409269,13
attack,,,,,,,,,,,1464575409269,0
attackInfo,,,,,,,0.9871900304773452,1.950365560692109,,,1464575409269,0
serverInfo,,,,,,,,,108,19.94415636218588,1464575409270,1
move,0.2308628438121545,0.0,-0.1500001,5.3999023,0,true,,,,,1464575409306,36
serverInfo,,,,,,,,,108,20.0,1464575409306,0
move,0.2607574271146049,0.0,-0.6000004,8.699707,0,true,,,,,1464575409356,50
serverInfo,,,,,,,,,108,20.0,1464575409356,0
move,0.3019883917749553,0.0,-0.3000002,-1.6491699,0,true,,,,,1464575409356,0
serverInfo,,,,,,,,,108,20.0,1464575409356,0
animation,,,,,,,,,,,1464575409430,74
attack,,,,,,,,,,,1464575409430,0
attackInfo,,,,,,,0.9223824435641421,2.298523026106585,,,1464575409430,0
serverInfo,,,,,,,,,108,19.904458598726116,1464575409430,0
move,0.23459583070163603,0.0,0.0,3.449707,0,true,,,,,1464575409456,26
serverInfo,,,,,,,,,108,20.0,1464575409456,0
move,0.28166424100529497,0.0,0.0,0.14990234,0,true,,,,,1464575409506,50
serverInfo,,,,,,,,,108,20.0,1464575409506,0
animation,,,,,,,,,,,1464575409516,10
attack,,,,,,,,,,,1464575409516,0
attackInfo,,,,,,,0.9327738603349808,2.189891624658832,,,1464575409516,0
serverInfo,,,,,,,,,108,19.960079840319363,1464575409516,0
move,0.24369236019490614,0.0,1.5000005,1.2001953,0,true,,,,,1464575409556,40
serverInfo,,,,,,,,,108,20.0,1464575409556,0
move,0.2629437889055808,0.0,3.7499971,10.5,0,true,,,,,1464575409606,50
serverInfo,,,,,,,,,108,20.0,1464575409606,0
move,0.4481821147203462,0.2763750000000016,0.14999962,0.5998535,0,true,,,,,1464575409656,50
serverInfo,,,,,,,,,108,20.0,1464575409656,0
jump,,,,,,,,,,,1464575409656,0
animation,,,,,,,,,,,1464575409657,1
attack,,,,,,,,,,,1464575409657,0
attackInfo,,,,,,,0.9791962988603153,2.124890487216241,,,1464575409657,0
serverInfo,,,,,,,,,108,19.99600079984003,1464575409657,0
move,0.12341752056026678,0.19244750374555508,0.0,10.199951,0,false,,,,,1464575409706,49
serverInfo,,,,,,,,,108,20.0,1464575409706,0
move,0.08204411835203729,0.11019855581540838,-1.7999964,-0.44970703,0,false,,,,,1464575409756,50
serverInfo,,,,,,,,,108,20.0,1464575409756,0
animation,,,,,,,,,,,1464575409778,22
attack,,,,,,,,,,,1464575409778,0
attackInfo,,,,,,,0.9853023809288151,2.075227498462083,,,1464575409778,0
serverInfo,,,,,,,,,108,19.91238550378335,1464575409778,0
move,0.14402236259285672,-0.019802722116722293,-0.14999962,7.0498047,0,false,,,,,1464575409856,78
serverInfo,,,,,,,,,108,20.0,1464575409856,0
move,0.0862777555652201,-0.12680936371203444,-0.29999924,-1.0498047,0,false,,,,,1464575409856,0
serverInfo,,,,,,,,,108,20.0,1464575409856,0
animation,,,,,,,,,,,1464575409924,68
attack,,,,,,,,,,,1464575409924,0
attackInfo,,,,,,,0.9755822184395035,2.2486976743028286,,,1464575409924,0
serverInfo,,,,,,,,,108,19.928258270227182,1464575409924,0
move,0.08121985138058818,-0.20267318038236937,0.0,2.3996582,0,false,,,,,1464575409956,32
serverInfo,,,,,,,,,108,20.0,1464575409956,0
move,0.08770953773574064,-0.22973579334983896,-0.44999886,-2.9995117,0,false,,,,,1464575410006,50
serverInfo,,,,,,,,,108,20.0,1464575410006,0
move,0.1682478036617141,0.0,-0.29999924,0.44995117,0,true,,,,,1464575410056,50
serverInfo,,,,,,,,,108,20.0,1464575410056,0
animation,,,,,,,,,,,1464575410080,24
attack,,,,,,,,,,,1464575410080,0
attackInfo,,,,,,,0.9088983609007638,2.3906060939198723,,,1464575410080,0
serverInfo,,,,,,,,,108,19.904458598726116,1464575410080,0
move,-0.008271731650886238,0.0,-0.44999886,4.348633,0,true,,,,,1464575410106,26
serverInfo,,,,,,,,,108,20.0,1464575410106,0
move,-0.07009964349968811,0.0,-1.4999995,0.74975586,0,true,,,,,1464575410106,0
serverInfo,,,,,,,,,108,20.0,1464575410106,0
animation,,,,,,,,,,,1464575410188,82
attack,,,,,,,,,,,1464575410188,0
attackInfo,,,,,,,0.9666569935024534,1.969185331542442,,,1464575410188,0
serverInfo,,,,,,,,,108,19.87281399046105,1464575410188,0
move,-0.09379170160037376,0.0,-0.7500005,1.7993164,0,true,,,,,1464575410206,18
serverInfo,,,,,,,,,108,20.0,1464575410206,0
move,-0.21326309209611338,0.0,-0.9000006,-0.44970703,0,true,,,,,1464575410256,50
serverInfo,,,,,,,,,108,20.0,1464575410256,0
animation,,,,,,,,,,,1464575410275,19
attack,,,,,,,,,,,1464575410275,0
attackInfo,,,,,,,0.9944663279963885,1.412043332884905,,,1464575410275,0
serverInfo,,,,,,,,,108,19.924287706714484,1464575410275,0
move,0.3110327837198952,0.2763750000000016,-0.1500001,5.8498535,0,true,,,,,1464575410306,31
serverInfo,,,,,,,,,108,20.0,1464575410306,0
jump,,,,,,,,,,,1464575410307,1
move,0.18319868410880247,0.19244750374555508,-0.1500001,0.30004883,0,false,,,,,1464575410356,49
serverInfo,,,,,,,,,103,20.0,1464575410356,0
move,0.15792356092260462,0.11019855581540838,-0.1500001,-1.9487305,0,false,,,,,1464575410356,0
serverInfo,,,,,,,,,103,20.0,1464575410356,0
animation,,,,,,,,,,,1464575410417,61
attack,,,,,,,,,,,1464575410417,0
attackInfo,,,,,,,0.9819543491063494,2.385895512956294,,,1464575410417,0
serverInfo,,,,,,,,,103,19.95609658750748,1464575410417,0
move,0.07480284938172588,0.029594585275091845,0.1500001,0.0,0,false,,,,,1464575410456,39
serverInfo,,,,,,,,,103,20.0,1464575410456,0
move,0.05106173896024302,-0.04939730739181414,-0.1500001,-9.450195,0,false,,,,,1464575410506,50
serverInfo,,,,,,,,,103,20.0,1464575410506,0
animation,,,,,,,,,,,1464575410519,13
move,0.05453986203315253,-0.12680936371203444,1.500001,-4.5,0,false,,,,,1464575410556,37
serverInfo,,,,,,,,,103,20.0,1464575410556,0
move,0.03424581810031668,-0.20267318038236937,0.4500003,-0.8996582,0,false,,,,,1464575410606,50
serverInfo,,,,,,,,,103,20.0,1464575410606,0
move,0.00918937577730361,-0.22973579334983896,0.3000002,-3.7495117,0,false,,,,,1464575410656,50
serverInfo,,,,,,,,,103,20.0,1464575410656,0
animation,,,,,,,,,,,1464575410686,30
attack,,,,,,,,,,,1464575410686,0
attackInfo,,,,,,,0.9257820301446014,4.327642538512439,,,1464575410686,0
serverInfo,,,,,,,,,103,19.880715705765407,1464575410686,0
move,0.025734286286429153,0.0,0.0,0.2998047,0,true,,,,,1464575410706,20
serverInfo,,,,,,,,,103,20.0,1464575410706,0
move,0.029023146776026465,0.0,-0.6000004,-2.3999023,0,true,,,,,1464575410756,50
serverInfo,,,,,,,,,103,20.0,1464575410756,0
move,-0.11232097436044342,0.0,-0.6000004,-5.3999023,0,true,,,,,1464575410756,0
serverInfo,,,,,,,,,103,20.0,1464575410756,0
animation,,,,,,,,,,,1464575410825,69
attack,,,,,,,,,,,1464575410825,0
attackInfo,,,,,,,0.9675017091180642,4.599325308766318,,,1464575410825,0
serverInfo,,,,,,,,,103,19.924287706714484,1464575410825,0
move,-0.1659962105040549,0.0,0.0,-0.44970703,0,true,,,,,1464575410856,31
serverInfo,,,,,,,,,103,20.0,1464575410856,0
animation,,,,,,,,,,,1464575410902,46
attack,,,,,,,,,,,1464575410902,0
attackInfo,,,,,,,0.9826765817295455,4.541203823659501,,,1464575410902,0
serverInfo,,,,,,,,,103,19.817677368212443,1464575410902,0
move,-0.09594761358792425,0.0,-0.3000002,-2.5498047,0,true,,,,,1464575410906,4
serverInfo,,,,,,,,,103,20.0,1464575410906,0
move,-0.16632104614569698,0.0,0.0,2160.0,0,true,,,,,1464575410906,0
serverInfo,,,,,,,,,103,20.0,1464575410906,0
move,-0.22569990602685408,0.0,-0.1500001,-2160.0,0,true,,,,,1464575411006,100
serverInfo,,,,,,,,,103,20.0,1464575411006,0
move,-0.24390985942255838,0.0,-2.1000013,-3.2990723,0,true,,,,,1464575411056,50
serverInfo,,,,,,,,,103,20.0,1464575411056,0
animation,,,,,,,,,,,1464575411064,8
move,-0.2501196593803101,0.0,0.0,2160.0,0,true,,,,,1464575411106,42
serverInfo,,,,,,,,,103,20.0,1464575411106,0
move,-0.24630969379071388,0.0,-1.3500009,-2162.8486,0,true,,,,,1464575411156,50
serverInfo,,,,,,,,,103,20.0,1464575411156,0
move,-0.1046022229148349,0.0,-0.3000002,-1.199707,0,true,,,,,1464575411206,50
serverInfo,,,,,,,,,103,20.0,1464575411206,0
animation,,,,,,,,,,,1464575411220,14
move,-0.027229934829613,0.0,0.0,2160.0,0,true,,,,,1464575411256,36
serverInfo,,,,,,,,,103,20.0,1464575411256,0
move,-0.11835220280562453,0.0,-1.1999998,-2161.1995,0,true,,,,,1464575411256,0
serverInfo,,,,,,,,,103,20.0,1464575411256,0
animation,,,,,,,,,,,1464575411313,57
move,-0.17087006734875843,0.0,-0.29999995,1.0493164,0,true,,,,,1464575411356,43
serverInfo,,,,,,,,,103,20.0,1464575411356,0
move,-0.06295235461050197,0.0,0.0,2160.0,0,true,,,,,1464575411406,50
serverInfo,,,,,,,,,103,20.0,1464575411406,0
move,-0.0040292766113338985,0.0,0.0,0.0,0,true,,,,,1464575411456,50
serverInfo,,,,,,,,,103,20.0,1464575411456,0
move,-0.10844974239640237,0.0,0.0,0.0,0,true,,,,,1464575411506,50
serverInfo,,,,,,,,,103,20.0,1464575411506,0
animation,,,,,,,,,,,1464575411525,19
move,-0.16546332333731328,0.0,0.0,0.0,0,true,,,,,1464575411556,31
serverInfo,,,,,,,,,103,20.0,1464575411556,0
move,-0.1489589675682481,0.41999998688697815,0.7499999,-2160.0,0,true,,,,,1464575411606,50
serverInfo,,,,,,,,,103,20.0,1464575411606,0
jump,,,,,,,,,,,1464575411606,0
